date,advancing_stocks,total_stocks,declining_stocks,URSI
2017-01-04,58,141,83,41.13475177304964
2017-01-05,63,141,78,44.680851063829785
2017-01-06,47,142,95,33.098591549295776
2017-01-09,61,142,81,42.95774647887324
2017-01-10,52,143,91,36.36363636363637
2017-01-11,73,143,70,51.048951048951054
2017-01-12,60,143,83,41.95804195804196
2017-01-13,44,144,100,30.555555555555557
2017-01-16,29,146,117,19.863013698630137
2017-01-17,55,146,91,37.67123287671233
2017-01-18,37,146,109,25.34246575342466
2017-01-19,40,146,106,27.397260273972602
2017-01-20,79,146,67,54.109589041095894
2017-01-23,47,146,99,32.19178082191781
2017-01-24,84,146,62,57.534246575342465
2017-01-25,108,146,38,73.97260273972603
2017-02-02,80,146,66,54.794520547945204
2017-02-03,47,146,99,32.19178082191781
2017-02-06,63,146,83,43.15068493150685
2017-02-07,65,146,81,44.52054794520548
2017-02-08,70,146,76,47.94520547945205
2017-02-09,67,146,79,45.89041095890411
2017-02-10,68,146,78,46.57534246575342
2017-02-13,88,146,58,60.273972602739725
2017-02-14,51,146,95,34.93150684931507
2017-02-15,80,146,66,54.794520547945204
2017-02-16,50,146,96,34.24657534246575
2017-02-17,75,146,71,51.369863013698634
2017-02-20,85,146,61,58.21917808219178
2017-02-21,79,146,67,54.109589041095894
2017-02-22,47,146,99,32.19178082191781
2017-02-23,43,146,103,29.45205479452055
2017-02-24,37,146,109,25.34246575342466
2017-02-27,67,146,79,45.89041095890411
2017-02-28,36,146,110,24.65753424657534
2017-03-01,50,147,97,34.01360544217687
2017-03-02,57,147,90,38.775510204081634
2017-03-03,66,147,81,44.89795918367347
2017-03-06,69,147,78,46.93877551020408
2017-03-07,71,147,76,48.29931972789115
2017-03-08,69,147,78,46.93877551020408
2017-03-09,51,147,96,34.69387755102041
2017-03-10,55,147,92,37.41496598639456
2017-03-13,41,147,106,27.89115646258503
2017-03-14,63,147,84,42.857142857142854
2017-03-15,49,147,98,33.33333333333333
2017-03-16,89,147,58,60.544217687074834
2017-03-17,66,147,81,44.89795918367347
2017-03-20,81,147,66,55.10204081632652
2017-03-21,55,147,92,37.41496598639456
2017-03-22,28,148,120,18.91891891891892
2017-03-23,74,148,74,50.0
2017-03-24,67,148,81,45.27027027027027
2017-03-27,54,148,94,36.486486486486484
2017-03-28,47,148,101,31.756756756756754
2017-03-29,55,148,93,37.16216216216216
2017-03-30,82,148,66,55.4054054054054
2017-03-31,54,148,94,36.486486486486484
2017-04-03,64,148,84,43.24324324324324
2017-04-04,61,148,87,41.21621621621622
2017-04-05,56,148,92,37.83783783783784
2017-04-07,55,148,93,37.16216216216216
2017-04-10,66,148,82,44.5945945945946
2017-04-11,68,148,80,45.94594594594595
2017-04-12,43,148,105,29.054054054054053
2017-04-13,55,148,93,37.16216216216216
2017-04-14,29,148,119,19.594594594594593
2017-04-17,24,148,124,16.216216216216218
2017-04-18,79,148,69,53.37837837837838
2017-04-19,76,148,72,51.35135135135135
2017-04-20,37,148,111,25.0
2017-04-21,46,148,102,31.08108108108108
2017-04-24,38,149,111,25.503355704697988
2017-04-25,58,149,91,38.92617449664429
2017-04-26,90,149,59,60.40268456375839
2017-04-27,86,149,63,57.71812080536913
2017-04-28,51,149,98,34.22818791946309
2017-05-03,71,149,78,47.651006711409394
2017-05-04,68,149,81,45.63758389261745
2017-05-05,63,149,86,42.281879194630875
2017-05-08,62,149,87,41.61073825503356
2017-05-09,81,149,68,54.36241610738255
2017-05-10,77,149,72,51.67785234899329
2017-05-11,65,149,84,43.624161073825505
2017-05-12,76,149,73,51.006711409395976
2017-05-15,78,149,71,52.348993288590606
2017-05-16,49,149,100,32.88590604026846
2017-05-17,70,149,79,46.97986577181208
2017-05-18,41,149,108,27.516778523489933
2017-05-19,81,149,68,54.36241610738255
2017-05-22,73,149,76,48.99328859060403
2017-05-23,49,149,100,32.88590604026846
2017-05-24,77,150,73,51.33333333333333
2017-05-25,81,150,69,54.0
2017-05-26,64,150,86,42.66666666666667
2017-05-29,71,150,79,47.333333333333336
2017-05-30,25,150,125,16.666666666666664
2017-05-31,54,150,96,36.0
2017-06-01,71,150,79,47.333333333333336
2017-06-02,63,150,87,42.0
2017-06-05,67,150,83,44.666666666666664
2017-06-06,89,150,61,59.333333333333336
2017-06-07,79,150,71,52.666666666666664
2017-06-08,55,150,95,36.666666666666664
2017-06-09,50,150,100,33.33333333333333
2017-06-12,45,150,105,30.0
2017-06-13,78,150,72,52.0
2017-06-14,70,150,80,46.666666666666664
2017-06-15,64,149,85,42.95302013422819
2017-06-16,77,149,72,51.67785234899329
2017-06-19,77,149,72,51.67785234899329
2017-06-20,66,150,84,44.0
2017-06-21,49,150,101,32.666666666666664
2017-06-22,64,150,86,42.66666666666667
2017-06-23,80,150,70,53.333333333333336
2017-06-26,69,150,81,46.0
2017-06-27,38,150,112,25.333333333333336
2017-06-28,74,150,76,49.333333333333336
2017-06-29,81,150,69,54.0
2017-06-30,68,150,82,45.33333333333333
2017-07-03,72,150,78,48.0
2017-07-04,55,150,95,36.666666666666664
2017-07-05,85,150,65,56.666666666666664
2017-07-06,78,150,72,52.0
2017-07-07,35,150,115,23.333333333333332
2017-07-10,21,151,130,13.90728476821192
2017-07-11,65,150,85,43.333333333333336
2017-07-12,80,150,70,53.333333333333336
2017-07-13,71,151,80,47.019867549668874
2017-07-14,46,151,105,30.4635761589404
2017-07-17,27,151,124,17.880794701986755
2017-07-18,33,151,118,21.85430463576159
2017-07-19,68,152,84,44.73684210526316
2017-07-20,60,152,92,39.473684210526315
2017-07-21,42,153,111,27.450980392156865
2017-07-24,50,153,103,32.6797385620915
2017-07-25,84,153,69,54.90196078431373
2017-07-26,105,153,48,68.62745098039215
2017-07-27,57,153,96,37.254901960784316
2017-07-28,86,153,67,56.209150326797385
2017-07-31,71,153,82,46.40522875816993
2017-08-01,70,153,83,45.751633986928105
2017-08-02,52,153,101,33.98692810457516
2017-08-03,79,153,74,51.633986928104584
2017-08-04,71,153,82,46.40522875816993
2017-08-07,82,153,71,53.59477124183007
2017-08-08,44,153,109,28.75816993464052
2017-08-09,21,153,132,13.725490196078432
2017-08-10,50,153,103,32.6797385620915
2017-08-11,53,153,100,34.64052287581699
2017-08-14,93,152,59,61.18421052631579
2017-08-15,46,152,106,30.263157894736842
2017-08-16,65,152,87,42.76315789473684
2017-08-17,23,152,129,15.131578947368421
2017-08-18,73,154,81,47.4025974025974
2017-08-21,51,154,103,33.116883116883116
2017-08-22,36,154,118,23.376623376623375
2017-08-23,64,154,90,41.55844155844156
2017-08-24,82,154,72,53.246753246753244
2017-08-25,58,154,96,37.66233766233766
2017-08-28,77,154,77,50.0
2017-08-29,49,154,105,31.818181818181817
2017-08-30,59,154,95,38.311688311688314
2017-08-31,79,154,75,51.298701298701296
2017-09-01,73,154,81,47.4025974025974
2017-09-05,62,154,92,40.25974025974026
2017-09-06,40,154,114,25.97402597402597
2017-09-07,66,154,88,42.857142857142854
2017-09-08,45,154,109,29.22077922077922
2017-09-11,31,154,123,20.12987012987013
2017-09-12,84,154,70,54.54545454545454
2017-09-13,93,154,61,60.3896103896104
2017-09-14,71,154,83,46.103896103896105
2017-09-15,64,154,90,41.55844155844156
2017-09-18,74,154,80,48.05194805194805
2017-09-19,47,154,107,30.519480519480517
2017-09-20,57,154,97,37.01298701298701
2017-09-21,70,154,84,45.45454545454545
2017-09-22,66,154,88,42.857142857142854
2017-09-25,51,154,103,33.116883116883116
2017-09-26,65,154,89,42.2077922077922
2017-09-27,56,154,98,36.36363636363637
2017-09-28,60,154,94,38.961038961038966
2017-09-29,68,154,86,44.15584415584416
2017-10-02,38,154,116,24.675324675324674
2017-10-03,30,154,124,19.480519480519483
2017-10-04,89,154,65,57.7922077922078
2017-10-05,43,154,111,27.92207792207792
2017-10-06,70,155,85,45.16129032258064
2017-10-09,80,155,75,51.61290322580645
2017-10-10,75,155,80,48.38709677419355
2017-10-11,66,155,89,42.58064516129032
2017-10-12,60,155,95,38.70967741935484
2017-10-13,75,155,80,48.38709677419355
2017-10-16,56,155,99,36.12903225806451
2017-10-17,73,155,82,47.096774193548384
2017-10-18,47,155,108,30.32258064516129
2017-10-19,66,155,89,42.58064516129032
2017-10-20,40,155,115,25.806451612903224
2017-10-23,16,155,139,10.32258064516129
2017-10-24,73,155,82,47.096774193548384
2017-10-25,78,155,77,50.32258064516129
2017-10-26,30,155,125,19.35483870967742
2017-10-27,76,155,79,49.03225806451613
2017-10-30,41,155,114,26.451612903225808
2017-10-31,38,155,117,24.516129032258064
2017-11-01,66,156,90,42.30769230769231
2017-11-02,44,156,112,28.205128205128204
2017-11-03,87,156,69,55.769230769230774
2017-11-06,102,156,54,65.38461538461539
2017-11-07,72,157,85,45.85987261146497
2017-11-08,74,157,83,47.13375796178344
2017-11-09,61,157,96,38.853503184713375
2017-11-10,79,157,78,50.318471337579616
2017-11-13,60,157,97,38.21656050955414
2017-11-14,70,157,87,44.5859872611465
2017-11-15,73,157,84,46.496815286624205
2017-11-16,95,157,62,60.509554140127385
2017-11-17,40,158,118,25.31645569620253
2017-11-20,68,158,90,43.037974683544306
2017-11-21,58,158,100,36.708860759493675
2017-11-22,85,158,73,53.79746835443038
2017-11-23,67,158,91,42.405063291139236
2017-11-24,103,158,55,65.18987341772153
2017-11-27,100,159,59,62.893081761006286
2017-11-28,50,159,109,31.446540880503143
2017-11-29,83,160,77,51.87500000000001
2017-11-30,80,160,80,50.0
2017-12-01,86,160,74,53.75
2017-12-04,99,160,61,61.875
2017-12-05,39,160,121,24.375
2017-12-06,53,160,107,33.125
2017-12-07,66,160,94,41.25
2017-12-08,56,160,104,35.0
2017-12-11,23,160,137,14.374999999999998
2017-12-12,57,160,103,35.625
2017-12-13,58,160,102,36.25
2017-12-14,104,160,56,65.0
2017-12-15,96,160,64,60.0
2017-12-18,96,160,64,60.0
2017-12-19,52,160,108,32.5
2017-12-20,75,160,85,46.875
2017-12-21,52,160,108,32.5
2017-12-22,62,160,98,38.75
2017-12-25,51,160,109,31.874999999999996
2017-12-26,92,160,68,57.49999999999999
2017-12-27,59,160,101,36.875
2017-12-28,90,160,70,56.25
2017-12-29,75,160,85,46.875
2018-01-02,99,160,61,61.875
2018-01-03,83,160,77,51.87500000000001
2018-01-04,112,160,48,70.0
2018-01-05,40,160,120,25.0
2018-01-08,93,162,69,57.407407407407405
2018-01-09,96,162,66,59.25925925925925
2018-01-10,91,162,71,56.17283950617284
2018-01-11,72,162,90,44.44444444444444
2018-01-12,48,162,114,29.629629629629626
2018-01-15,90,161,71,55.90062111801242
2018-01-16,53,161,108,32.91925465838509
2018-01-17,23,161,138,14.285714285714285
2018-01-18,91,162,71,56.17283950617284
2018-01-19,74,163,89,45.39877300613497
2018-01-22,89,163,74,54.601226993865026
2018-01-23,34,163,129,20.858895705521473
2018-01-24,18,163,145,11.042944785276074
2018-01-25,84,163,79,51.533742331288344
2018-01-26,66,163,97,40.49079754601227
2018-01-29,56,163,107,34.355828220858896
2018-01-30,85,163,78,52.14723926380368
2018-01-31,55,163,108,33.74233128834356
2018-02-01,28,163,135,17.177914110429448
2018-02-02,70,163,93,42.944785276073624
2018-02-05,10,163,153,6.134969325153374
2018-02-06,22,163,141,13.496932515337424
2018-02-07,124,163,39,76.07361963190185
2018-02-08,45,163,118,27.607361963190186
2018-02-09,53,163,110,32.515337423312886
2018-02-12,127,163,36,77.91411042944786
2018-02-13,123,163,40,75.4601226993865
2018-02-21,115,163,48,70.5521472392638
2018-02-22,43,164,121,26.21951219512195
2018-02-23,112,164,52,68.29268292682927
2018-02-26,66,164,98,40.243902439024396
2018-02-27,73,164,91,44.51219512195122
2018-02-28,65,164,99,39.63414634146341
2018-03-01,64,164,100,39.02439024390244
2018-03-02,84,165,81,50.90909090909091
2018-03-05,50,165,115,30.303030303030305
2018-03-06,106,165,59,64.24242424242425
2018-03-07,54,166,112,32.53012048192771
2018-03-08,81,167,86,48.50299401197605
2018-03-09,73,167,94,43.712574850299404
2018-03-12,57,167,110,34.13173652694611
2018-03-13,71,167,96,42.51497005988024
2018-03-14,72,167,95,43.11377245508982
2018-03-15,75,167,92,44.91017964071856
2018-03-16,82,167,85,49.101796407185624
2018-03-19,59,167,108,35.32934131736527
2018-03-20,55,167,112,32.93413173652694
2018-03-21,69,167,98,41.31736526946108
2018-03-22,54,168,114,32.142857142857146
2018-03-23,25,168,143,14.880952380952381
2018-03-26,84,168,84,50.0
2018-03-27,68,168,100,40.476190476190474
2018-03-28,60,168,108,35.714285714285715
2018-03-29,60,168,108,35.714285714285715
2018-03-30,101,168,67,60.11904761904761
2018-04-02,83,168,85,49.404761904761905
2018-04-03,62,168,106,36.904761904761905
2018-04-04,80,168,88,47.61904761904761
2018-04-05,90,168,78,53.57142857142857
2018-04-06,77,168,91,45.83333333333333
2018-04-09,68,168,100,40.476190476190474
2018-04-10,43,168,125,25.595238095238095
2018-04-11,20,168,148,11.904761904761903
2018-04-12,93,168,75,55.35714285714286
2018-04-13,48,168,120,28.57142857142857
2018-04-16,64,168,104,38.095238095238095
2018-04-17,90,168,78,53.57142857142857
2018-04-18,33,168,135,19.642857142857142
2018-04-19,22,168,146,13.095238095238097
2018-04-20,105,169,64,62.1301775147929
2018-04-23,20,169,149,11.834319526627219
2018-04-24,58,169,111,34.319526627218934
2018-04-26,20,169,149,11.834319526627219
2018-04-27,119,170,51,70.0
2018-05-02,38,170,132,22.35294117647059
2018-05-03,72,170,98,42.35294117647059
2018-05-04,74,170,96,43.529411764705884
2018-05-07,119,170,51,70.0
2018-05-08,47,170,123,27.647058823529413
2018-05-09,60,170,110,35.294117647058826
2018-05-10,33,170,137,19.411764705882355
2018-05-11,89,170,81,52.352941176470594
2018-05-14,88,170,82,51.76470588235295
2018-05-15,94,170,76,55.294117647058826
2018-05-16,42,169,127,24.85207100591716
2018-05-17,49,169,120,28.994082840236686
2018-05-18,60,170,110,35.294117647058826
2018-05-21,38,170,132,22.35294117647059
2018-05-22,10,171,161,5.847953216374268
2018-05-23,92,171,79,53.80116959064327
2018-05-24,45,171,126,26.31578947368421
2018-05-25,19,171,152,11.11111111111111
2018-05-28,9,171,162,5.263157894736842
2018-05-29,135,171,36,78.94736842105263
2018-05-30,47,171,124,27.485380116959064
2018-05-31,137,171,34,80.11695906432749
2018-06-01,91,171,80,53.216374269005854
2018-06-04,131,171,40,76.60818713450293
2018-06-05,95,172,77,55.23255813953488
2018-06-06,95,172,77,55.23255813953488
2018-06-07,70,172,102,40.69767441860465
2018-06-08,61,172,111,35.46511627906977
2018-06-11,49,172,123,28.488372093023255
2018-06-12,25,172,147,14.534883720930234
2018-06-13,98,172,74,56.97674418604651
2018-06-14,62,172,110,36.04651162790697
2018-06-15,64,172,108,37.2093023255814
2018-06-18,19,172,153,11.046511627906977
2018-06-19,7,172,165,4.069767441860465
2018-06-20,128,171,43,74.85380116959064
2018-06-21,29,171,142,16.95906432748538
2018-06-22,98,171,73,57.30994152046783
2018-06-25,95,171,76,55.55555555555556
2018-06-26,33,171,138,19.298245614035086
2018-06-27,52,172,120,30.23255813953488
2018-06-28,26,172,146,15.11627906976744
2018-06-29,69,173,104,39.884393063583815
2018-07-02,21,173,152,12.138728323699421
2018-07-03,13,174,161,7.471264367816093
2018-07-04,89,174,85,51.14942528735632
2018-07-05,18,174,156,10.344827586206897
2018-07-06,122,174,52,70.11494252873564
2018-07-09,64,174,110,36.7816091954023
2018-07-10,66,174,108,37.93103448275862
2018-07-11,18,174,156,10.344827586206897
2018-07-12,87,174,87,50.0
2018-07-13,115,174,59,66.0919540229885
2018-07-16,76,174,98,43.67816091954023
2018-07-17,97,174,77,55.74712643678161
2018-07-18,141,174,33,81.03448275862068
2018-07-19,74,174,100,42.5287356321839
2018-07-20,62,174,112,35.63218390804598
2018-07-23,69,174,105,39.6551724137931
2018-07-24,58,174,116,33.33333333333333
2018-07-25,58,174,116,33.33333333333333
2018-07-26,66,173,107,38.15028901734104
2018-07-27,110,173,63,63.58381502890174
2018-07-30,108,173,65,62.42774566473989
2018-07-31,71,173,102,41.040462427745666
2018-08-01,51,173,122,29.47976878612717
2018-08-02,49,173,124,28.32369942196532
2018-08-03,83,174,91,47.701149425287355
2018-08-06,55,174,119,31.60919540229885
2018-08-07,44,174,130,25.287356321839084
2018-08-08,106,175,69,60.57142857142858
2018-08-09,70,175,105,40.0
2018-08-10,74,175,101,42.285714285714285
2018-08-13,87,175,88,49.714285714285715
2018-08-14,77,175,98,44.0
2018-08-15,43,175,132,24.571428571428573
2018-08-16,75,175,100,42.857142857142854
2018-08-17,66,175,109,37.714285714285715
2018-08-20,63,175,112,36.0
2018-08-21,101,175,74,57.714285714285715
2018-08-22,77,175,98,44.0
2018-08-23,81,175,94,46.285714285714285
2018-08-24,82,175,93,46.85714285714286
2018-08-27,80,175,95,45.714285714285715
2018-08-28,76,175,99,43.42857142857143
2018-08-29,58,175,117,33.14285714285714
2018-08-30,106,175,69,60.57142857142858
2018-08-31,51,175,124,29.142857142857142
2018-09-04,46,175,129,26.285714285714285
2018-09-05,43,175,132,24.571428571428573
2018-09-06,50,176,126,28.40909090909091
2018-09-07,101,176,75,57.38636363636363
2018-09-10,56,176,120,31.818181818181817
2018-09-11,110,176,66,62.5
2018-09-12,80,176,96,45.45454545454545
2018-09-13,82,176,94,46.590909090909086
2018-09-14,89,176,87,50.56818181818182
2018-09-17,56,176,120,31.818181818181817
2018-09-18,99,176,77,56.25
2018-09-19,96,176,80,54.54545454545454
2018-09-20,106,176,70,60.22727272727273
2018-09-21,77,176,99,43.75
2018-09-24,86,176,90,48.86363636363637
2018-09-25,85,176,91,48.29545454545455
2018-09-26,98,177,79,55.367231638418076
2018-09-27,88,177,89,49.717514124293785
2018-09-28,67,177,110,37.85310734463277
2018-10-01,63,177,114,35.59322033898305
2018-10-02,69,177,108,38.983050847457626
2018-10-03,80,177,97,45.19774011299435
2018-10-04,105,177,72,59.32203389830508
2018-10-05,35,177,142,19.774011299435028
2018-10-08,46,177,131,25.98870056497175
2018-10-09,63,177,114,35.59322033898305
2018-10-10,55,177,122,31.07344632768362
2018-10-11,3,177,174,1.694915254237288
2018-10-12,147,177,30,83.05084745762711
2018-10-15,37,177,140,20.903954802259886
2018-10-16,120,177,57,67.79661016949152
2018-10-17,123,177,54,69.49152542372882
2018-10-18,34,177,143,19.2090395480226
2018-10-19,53,177,124,29.943502824858758
2018-10-22,51,177,126,28.8135593220339
2018-10-23,29,177,148,16.38418079096045
2018-10-24,31,177,146,17.51412429378531
2018-10-25,28,177,149,15.819209039548024
2018-10-26,46,177,131,25.98870056497175
2018-10-29,51,177,126,28.8135593220339
2018-10-30,77,177,100,43.50282485875706
2018-10-31,137,177,40,77.40112994350282
2018-11-01,39,177,138,22.033898305084744
2018-11-02,125,177,52,70.62146892655367
2018-11-05,71,177,106,40.11299435028249
2018-11-06,62,177,115,35.02824858757062
2018-11-07,54,177,123,30.508474576271187
2018-11-08,96,177,81,54.23728813559322
2018-11-09,36,177,141,20.33898305084746
2018-11-12,76,177,101,42.93785310734463
2018-11-13,39,178,139,21.910112359550563
2018-11-14,51,178,127,28.651685393258425
2018-11-15,56,178,122,31.46067415730337
2018-11-16,111,178,67,62.35955056179775
2018-11-19,118,178,60,66.29213483146067
2018-11-20,65,178,113,36.51685393258427
2018-11-21,76,178,102,42.69662921348314
2018-11-22,74,178,104,41.57303370786517
2018-11-23,46,178,132,25.842696629213485
2018-11-26,66,179,113,36.87150837988827
2018-11-27,51,179,128,28.49162011173184
2018-11-28,81,179,98,45.2513966480447
2018-11-29,54,180,126,30.0
2018-11-30,75,180,105,41.66666666666667
2018-12-03,146,180,34,81.11111111111111
2018-12-04,68,180,112,37.77777777777778
2018-12-05,69,180,111,38.333333333333336
2018-12-06,59,180,121,32.77777777777778
2018-12-07,110,180,70,61.111111111111114
2018-12-10,56,180,124,31.11111111111111
2018-12-11,56,181,125,30.939226519337016
2018-12-12,99,181,82,54.69613259668509
2018-12-13,85,181,96,46.96132596685083
2018-12-14,34,181,147,18.784530386740332
2018-12-17,14,181,167,7.734806629834254
2018-12-18,38,181,143,20.994475138121548
2018-12-19,48,181,133,26.519337016574585
2018-12-20,84,181,97,46.408839779005525
2018-12-21,63,181,118,34.806629834254146
2018-12-24,47,181,134,25.96685082872928
2018-12-25,20,181,161,11.049723756906078
2018-12-26,66,181,115,36.46408839779006
2018-12-27,133,181,48,73.48066298342542
2018-12-28,60,180,120,33.33333333333333
2019-01-02,49,180,131,27.22222222222222
2019-01-03,16,180,164,8.88888888888889
2019-01-04,80,180,100,44.44444444444444
2019-01-07,104,180,76,57.77777777777777
2019-01-08,60,180,120,33.33333333333333
2019-01-09,106,180,74,58.88888888888889
2019-01-10,70,180,110,38.88888888888889
2019-01-11,90,180,90,50.0
2019-01-14,54,181,127,29.83425414364641
2019-01-15,108,181,73,59.66850828729282
2019-01-16,73,182,109,40.10989010989011
2019-01-17,39,182,143,21.428571428571427
2019-01-18,58,182,124,31.868131868131865
2019-01-21,92,182,90,50.54945054945055
2019-01-22,59,182,123,32.417582417582416
2019-01-23,79,182,103,43.40659340659341
2019-01-24,80,182,102,43.956043956043956
2019-01-25,68,182,114,37.362637362637365
2019-01-28,72,182,110,39.56043956043956
2019-01-29,71,182,111,39.010989010989015
2019-01-30,69,182,113,37.91208791208791
2019-01-31,79,182,103,43.40659340659341
2019-02-01,84,182,98,46.15384615384615
2019-02-11,124,182,58,68.13186813186813
2019-02-12,103,182,79,56.59340659340659
2019-02-13,101,182,81,55.494505494505496
2019-02-14,68,182,114,37.362637362637365
2019-02-15,59,182,123,32.417582417582416
2019-02-18,108,182,74,59.34065934065934
2019-02-19,55,182,127,30.21978021978022
2019-02-20,72,182,110,39.56043956043956
2019-02-21,67,182,115,36.81318681318682
2019-02-22,75,182,107,41.208791208791204
2019-02-25,103,182,79,56.59340659340659
2019-02-26,62,182,120,34.065934065934066
2019-02-27,89,182,93,48.9010989010989
2019-02-28,24,182,158,13.186813186813188
2019-03-01,133,182,49,73.07692307692307
2019-03-04,130,182,52,71.42857142857143
2019-03-05,70,182,112,38.46153846153847
2019-03-06,89,182,93,48.9010989010989
2019-03-07,63,182,119,34.61538461538461
2019-03-08,47,182,135,25.82417582417583
2019-03-11,81,182,101,44.505494505494504
2019-03-12,120,182,62,65.93406593406593
2019-03-13,93,182,89,51.098901098901095
2019-03-14,83,182,99,45.604395604395606
2019-03-15,70,182,112,38.46153846153847
2019-03-18,98,182,84,53.84615384615385
2019-03-19,54,182,128,29.67032967032967
2019-03-20,64,182,118,35.16483516483517
2019-03-21,35,182,147,19.230769230769234
2019-03-22,91,182,91,50.0
2019-03-25,25,182,157,13.736263736263737
2019-03-26,85,182,97,46.7032967032967
2019-03-27,119,182,63,65.38461538461539
2019-03-28,69,182,113,37.91208791208791
2019-03-29,63,182,119,34.61538461538461
2019-04-01,79,182,103,43.40659340659341
2019-04-02,64,182,118,35.16483516483517
2019-04-03,67,182,115,36.81318681318682
2019-04-04,97,182,85,53.2967032967033
2019-04-05,86,182,96,47.25274725274725
2019-04-08,86,182,96,47.25274725274725
2019-04-09,37,182,145,20.32967032967033
2019-04-10,46,181,135,25.41436464088398
2019-04-11,74,181,107,40.88397790055249
2019-04-12,74,181,107,40.88397790055249
2019-04-16,35,181,146,19.337016574585636
2019-04-17,39,182,143,21.428571428571427
2019-04-18,28,182,154,15.384615384615385
2019-04-19,103,182,79,56.59340659340659
2019-04-22,42,182,140,23.076923076923077
2019-04-23,90,181,91,49.72375690607735
2019-04-24,104,181,77,57.4585635359116
2019-04-25,54,181,127,29.83425414364641
2019-04-26,95,181,86,52.48618784530387
2019-05-02,56,181,125,30.939226519337016
2019-05-03,41,181,140,22.65193370165746
2019-05-06,19,181,162,10.497237569060774
2019-05-07,81,182,101,44.505494505494504
2019-05-08,62,182,120,34.065934065934066
2019-05-09,52,182,130,28.57142857142857
2019-05-10,114,182,68,62.637362637362635
2019-05-13,90,182,92,49.45054945054945
2019-05-14,92,182,90,50.54945054945055
2019-05-15,110,182,72,60.43956043956044
2019-05-16,59,182,123,32.417582417582416
2019-05-17,64,182,118,35.16483516483517
2019-05-20,94,181,87,51.93370165745856
2019-05-21,74,181,107,40.88397790055249
2019-05-22,55,181,126,30.386740331491712
2019-05-23,84,181,97,46.408839779005525
2019-05-24,44,181,137,24.30939226519337
2019-05-27,75,181,106,41.43646408839779
2019-05-28,63,180,117,35.0
2019-05-29,62,181,119,34.25414364640884
2019-05-30,64,181,117,35.35911602209944
2019-05-31,32,181,149,17.67955801104972
2019-06-03,22,181,159,12.154696132596685
2019-06-04,84,181,97,46.408839779005525
2019-06-05,91,181,90,50.27624309392266
2019-06-06,59,182,123,32.417582417582416
2019-06-07,133,183,50,72.6775956284153
2019-06-10,86,183,97,46.994535519125684
2019-06-11,71,183,112,38.79781420765027
2019-06-12,44,183,139,24.043715846994534
2019-06-13,59,183,124,32.240437158469945
2019-06-14,57,183,126,31.147540983606557
2019-06-17,44,183,139,24.043715846994534
2019-06-18,58,183,125,31.693989071038253
2019-06-19,97,183,86,53.00546448087432
2019-06-20,102,183,81,55.73770491803278
2019-06-21,64,183,119,34.97267759562842
2019-06-24,57,183,126,31.147540983606557
2019-06-25,54,183,129,29.508196721311474
2019-06-26,74,183,109,40.43715846994536
2019-06-27,40,183,143,21.85792349726776
2019-06-28,99,183,84,54.09836065573771
2019-07-01,115,183,68,62.841530054644814
2019-07-02,57,183,126,31.147540983606557
2019-07-03,68,183,115,37.15846994535519
2019-07-04,103,183,80,56.284153005464475
2019-07-05,81,183,102,44.26229508196721
2019-07-08,38,183,145,20.76502732240437
2019-07-09,91,183,92,49.72677595628415
2019-07-10,93,183,90,50.81967213114754
2019-07-11,87,183,96,47.540983606557376
2019-07-12,64,183,119,34.97267759562842
2019-07-15,66,183,117,36.0655737704918
2019-07-16,73,183,110,39.89071038251366
2019-07-17,70,183,113,38.25136612021858
2019-07-18,48,182,134,26.373626373626376
2019-07-19,75,182,107,41.208791208791204
2019-07-22,52,182,130,28.57142857142857
2019-07-23,79,182,103,43.40659340659341
2019-07-24,65,182,117,35.714285714285715
2019-07-25,80,182,102,43.956043956043956
2019-07-26,50,183,133,27.322404371584703
2019-07-29,52,183,131,28.415300546448087
2019-07-30,27,183,156,14.754098360655737
2019-07-31,78,183,105,42.62295081967213
2019-08-01,84,183,99,45.90163934426229
2019-08-02,73,183,110,39.89071038251366
2019-08-05,53,183,130,28.96174863387978
2019-08-06,44,183,139,24.043715846994534
2019-08-07,67,183,116,36.6120218579235
2019-08-08,102,183,81,55.73770491803278
2019-08-09,80,183,103,43.71584699453552
2019-08-12,67,183,116,36.6120218579235
2019-08-13,33,183,150,18.0327868852459
2019-08-14,71,183,112,38.79781420765027
2019-08-15,69,183,114,37.704918032786885
2019-08-16,82,183,101,44.80874316939891
2019-08-19,76,183,107,41.53005464480874
2019-08-20,81,183,102,44.26229508196721
2019-08-21,66,183,117,36.0655737704918
2019-08-22,65,183,118,35.51912568306011
2019-08-23,53,183,130,28.96174863387978
2019-08-26,40,183,143,21.85792349726776
2019-08-27,69,183,114,37.704918032786885
2019-08-28,61,183,122,33.33333333333333
2019-08-29,69,183,114,37.704918032786885
2019-08-30,97,183,86,53.00546448087432
2019-09-03,26,183,157,14.207650273224044
2019-09-04,55,183,128,30.05464480874317
2019-09-05,57,183,126,31.147540983606557
2019-09-06,62,183,121,33.87978142076503
2019-09-09,54,183,129,29.508196721311474
2019-09-10,36,183,147,19.672131147540984
2019-09-11,84,182,98,46.15384615384615
2019-09-12,113,182,69,62.08791208791209
2019-09-13,90,182,92,49.45054945054945
2019-09-16,83,182,99,45.604395604395606
2019-09-17,71,182,111,39.010989010989015
2019-09-18,72,182,110,39.56043956043956
2019-09-19,74,183,109,40.43715846994536
2019-09-20,54,183,129,29.508196721311474
2019-09-23,48,183,135,26.229508196721312
2019-09-24,69,183,114,37.704918032786885
2019-09-25,70,183,113,38.25136612021858
2019-09-26,91,183,92,49.72677595628415
2019-09-27,65,183,118,35.51912568306011
2019-09-30,68,183,115,37.15846994535519
2019-10-01,88,183,95,48.08743169398907
2019-10-02,48,183,135,26.229508196721312
2019-10-03,78,183,105,42.62295081967213
2019-10-04,46,183,137,25.136612021857925
2019-10-07,46,183,137,25.136612021857925
2019-10-08,77,183,106,42.07650273224044
2019-10-09,69,183,114,37.704918032786885
2019-10-10,62,183,121,33.87978142076503
2019-10-11,69,183,114,37.704918032786885
2019-10-14,80,183,103,43.71584699453552
2019-10-15,65,183,118,35.51912568306011
2019-10-16,56,183,127,30.601092896174865
2019-10-17,55,183,128,30.05464480874317
2019-10-18,66,183,117,36.0655737704918
2019-10-21,51,183,132,27.86885245901639
2019-10-22,75,183,108,40.98360655737705
2019-10-23,75,183,108,40.98360655737705
2019-10-24,98,183,85,53.551912568306015
2019-10-25,70,183,113,38.25136612021858
2019-10-28,63,183,120,34.42622950819672
2019-10-29,43,183,140,23.497267759562842
2019-10-30,79,183,104,43.169398907103826
2019-10-31,35,183,148,19.12568306010929
2019-11-01,74,183,109,40.43715846994536
2019-11-04,68,183,115,37.15846994535519
2019-11-05,79,183,104,43.169398907103826
2019-11-06,71,183,112,38.79781420765027
2019-11-07,66,183,117,36.0655737704918
2019-11-08,70,183,113,38.25136612021858
2019-11-11,45,183,138,24.59016393442623
2019-11-12,89,183,94,48.63387978142077
2019-11-13,39,183,144,21.311475409836063
2019-11-14,58,183,125,31.693989071038253
2019-11-15,63,183,120,34.42622950819672
2019-11-18,48,183,135,26.229508196721312
2019-11-19,93,183,90,50.81967213114754
2019-11-20,54,183,129,29.508196721311474
2019-11-21,41,183,142,22.404371584699454
2019-11-22,30,183,153,16.39344262295082
2019-11-25,61,183,122,33.33333333333333
2019-11-26,86,183,97,46.994535519125684
2019-11-27,52,183,131,28.415300546448087
2019-11-28,35,183,148,19.12568306010929
2019-11-29,76,183,107,41.53005464480874
2019-12-02,32,182,150,17.582417582417584
2019-12-03,57,182,125,31.318681318681318
2019-12-04,111,182,71,60.98901098901099
2019-12-05,51,182,131,28.021978021978022
2019-12-06,70,182,112,38.46153846153847
2019-12-09,75,182,107,41.208791208791204
2019-12-10,42,183,141,22.950819672131146
2019-12-11,69,183,114,37.704918032786885
2019-12-12,96,183,87,52.459016393442624
2019-12-13,67,183,116,36.6120218579235
2019-12-16,73,183,110,39.89071038251366
2019-12-17,45,183,138,24.59016393442623
2019-12-18,43,183,140,23.497267759562842
2019-12-19,63,183,120,34.42622950819672
2019-12-20,85,183,98,46.44808743169399
2019-12-23,70,183,113,38.25136612021858
2019-12-24,65,183,118,35.51912568306011
2019-12-25,83,183,100,45.3551912568306
2019-12-26,64,183,119,34.97267759562842
2019-12-27,77,183,106,42.07650273224044
2019-12-30,76,183,107,41.53005464480874
2019-12-31,56,183,127,30.601092896174865
2020-01-02,99,183,84,54.09836065573771
2020-01-03,60,183,123,32.78688524590164
2020-01-06,33,183,150,18.0327868852459
2020-01-07,73,183,110,39.89071038251366
2020-01-08,22,183,161,12.021857923497267
2020-01-09,108,183,75,59.01639344262295
2020-01-10,82,184,102,44.565217391304344
2020-01-13,51,184,133,27.717391304347828
2020-01-14,71,184,113,38.58695652173913
2020-01-15,56,184,128,30.434782608695656
2020-01-16,90,184,94,48.91304347826087
2020-01-17,66,184,118,35.869565217391305
2020-01-20,71,184,113,38.58695652173913
2020-01-21,109,184,75,59.2391304347826
2020-01-22,113,184,71,61.41304347826087
2020-01-30,24,184,160,13.043478260869565
2020-01-31,18,184,166,9.782608695652174
2020-02-03,23,184,161,12.5
2020-02-04,74,184,110,40.21739130434783
2020-02-05,98,184,86,53.2608695652174
2020-02-06,133,184,51,72.28260869565217
2020-02-07,80,184,104,43.47826086956522
2020-02-10,40,184,144,21.73913043478261
2020-02-11,102,184,82,55.434782608695656
2020-02-12,129,184,55,70.1086956521739
2020-02-13,61,184,123,33.15217391304348
2020-02-14,65,184,119,35.32608695652174
2020-02-17,63,184,121,34.23913043478261
2020-02-18,79,184,105,42.934782608695656
2020-02-19,78,184,106,42.391304347826086
2020-02-20,98,184,86,53.2608695652174
2020-02-21,43,184,141,23.369565217391305
2020-02-24,10,184,174,5.434782608695652
2020-02-25,114,184,70,61.95652173913043
2020-02-26,39,184,145,21.195652173913043
2020-02-27,111,184,73,60.32608695652174
2020-02-28,31,184,153,16.847826086956523
2020-03-02,72,184,112,39.130434782608695
2020-03-03,109,184,75,59.2391304347826
2020-03-04,88,184,96,47.82608695652174
2020-03-05,77,184,107,41.84782608695652
2020-03-06,61,184,123,33.15217391304348
2020-03-09,1,183,182,0.546448087431694
2020-03-10,84,183,99,45.90163934426229
2020-03-11,14,183,169,7.650273224043716
2020-03-12,9,183,174,4.918032786885246
2020-03-13,48,183,135,26.229508196721312
2020-03-16,49,183,134,26.775956284153008
2020-03-17,109,184,75,59.2391304347826
2020-03-18,88,184,96,47.82608695652174
2020-03-19,19,184,165,10.326086956521738
2020-03-20,56,184,128,30.434782608695656
2020-03-23,5,184,179,2.717391304347826
2020-03-24,80,184,104,43.47826086956522
2020-03-25,152,184,32,82.6086956521739
2020-03-26,29,184,155,15.760869565217392
2020-03-27,39,184,145,21.195652173913043
2020-03-30,11,184,173,5.978260869565218
2020-03-31,59,184,125,32.065217391304344
2020-04-01,152,184,32,82.6086956521739
2020-04-03,159,184,25,86.41304347826086
2020-04-06,158,184,26,85.86956521739131
2020-04-07,82,184,102,44.565217391304344
2020-04-08,63,184,121,34.23913043478261
2020-04-09,121,184,63,65.76086956521739
2020-04-10,53,184,131,28.804347826086957
2020-04-13,111,184,73,60.32608695652174
2020-04-14,72,184,112,39.130434782608695
2020-04-15,135,184,49,73.36956521739131
2020-04-16,92,184,92,50.0
2020-04-17,141,184,43,76.63043478260869
2020-04-20,94,184,90,51.08695652173913
2020-04-21,12,184,172,6.521739130434782
2020-04-22,118,184,66,64.13043478260869
2020-04-23,98,184,86,53.2608695652174
2020-04-24,72,184,112,39.130434782608695
2020-04-27,69,184,115,37.5
2020-04-28,78,184,106,42.391304347826086
2020-04-29,99,184,85,53.80434782608695
2020-05-04,37,184,147,20.108695652173914
2020-05-05,77,184,107,41.84782608695652
2020-05-06,127,184,57,69.02173913043478
2020-05-07,115,184,69,62.5
2020-05-08,94,184,90,51.08695652173913
2020-05-11,133,184,51,72.28260869565217
2020-05-12,114,184,70,61.95652173913043
2020-05-13,96,184,88,52.17391304347826
2020-05-14,72,184,112,39.130434782608695
2020-05-15,38,184,146,20.652173913043477
2020-05-18,104,184,80,56.52173913043478
2020-05-19,102,184,82,55.434782608695656
2020-05-20,75,184,109,40.76086956521739
2020-05-21,77,184,107,41.84782608695652
2020-05-22,48,184,136,26.08695652173913
2020-05-25,121,184,63,65.76086956521739
2020-05-26,141,184,43,76.63043478260869
2020-05-27,38,184,146,20.652173913043477
2020-05-28,79,184,105,42.934782608695656
2020-05-29,72,184,112,39.130434782608695
2020-06-01,145,184,39,78.80434782608695
2020-06-02,48,184,136,26.08695652173913
2020-06-03,108,184,76,58.69565217391305
2020-06-04,96,184,88,52.17391304347826
2020-06-05,109,184,75,59.2391304347826
2020-06-08,148,184,36,80.43478260869566
2020-06-09,72,184,112,39.130434782608695
2020-06-10,98,184,86,53.2608695652174
2020-06-11,13,184,171,7.065217391304348
2020-06-12,64,184,120,34.78260869565217
2020-06-15,25,184,159,13.586956521739129
2020-06-16,154,184,30,83.69565217391305
2020-06-17,60,184,124,32.608695652173914
2020-06-18,76,184,108,41.30434782608695
2020-06-19,145,184,39,78.80434782608695
2020-06-22,79,184,105,42.934782608695656
2020-06-23,72,184,112,39.130434782608695
2020-06-24,32,184,152,17.391304347826086
2020-06-25,52,185,133,28.10810810810811
2020-06-26,39,185,146,21.08108108108108
2020-06-29,18,185,167,9.72972972972973
2020-06-30,43,185,142,23.243243243243246
2020-07-01,154,185,31,83.24324324324324
2020-07-02,70,185,115,37.83783783783784
2020-07-03,88,185,97,47.56756756756757
2020-07-06,120,185,65,64.86486486486487
2020-07-07,65,185,120,35.13513513513514
2020-07-08,91,185,94,49.18918918918919
2020-07-09,138,185,47,74.5945945945946
2020-07-10,52,185,133,28.10810810810811
2020-07-13,53,185,132,28.64864864864865
2020-07-14,75,185,110,40.54054054054054
2020-07-15,82,185,103,44.32432432432433
2020-07-16,73,185,112,39.45945945945946
2020-07-17,83,185,102,44.86486486486487
2020-07-20,35,184,149,19.021739130434785
2020-07-21,77,184,107,41.84782608695652
2020-07-22,33,184,151,17.934782608695652
2020-07-23,59,184,125,32.065217391304344
2020-07-24,8,184,176,4.3478260869565215
2020-07-27,4,184,180,2.1739130434782608
2020-07-28,165,185,20,89.1891891891892
2020-07-29,18,186,168,9.67741935483871
2020-07-30,122,186,64,65.59139784946237
2020-07-31,42,186,144,22.58064516129032
2020-08-03,165,186,21,88.70967741935483
2020-08-04,141,186,45,75.80645161290323
2020-08-05,140,186,46,75.26881720430107
2020-08-06,60,186,126,32.25806451612903
2020-08-07,74,186,112,39.784946236559136
2020-08-10,119,186,67,63.97849462365591
2020-08-11,81,186,105,43.54838709677419
2020-08-12,80,186,106,43.01075268817204
2020-08-13,124,186,62,66.66666666666666
2020-08-14,55,186,131,29.56989247311828
2020-08-17,80,186,106,43.01075268817204
2020-08-18,72,186,114,38.70967741935484
2020-08-19,116,186,70,62.365591397849464
2020-08-20,47,185,138,25.405405405405407
2020-08-21,136,185,49,73.51351351351352
2020-08-24,140,185,45,75.67567567567568
2020-08-25,80,185,105,43.24324324324324
2020-08-26,96,185,89,51.891891891891895
2020-08-27,108,185,77,58.37837837837838
2020-08-28,81,185,104,43.78378378378379
2020-08-31,46,186,140,24.731182795698924
2020-09-01,122,186,64,65.59139784946237
2020-09-03,91,186,95,48.924731182795696
2020-09-04,69,186,117,37.096774193548384
2020-09-07,45,186,141,24.193548387096776
2020-09-08,117,186,69,62.903225806451616
2020-09-09,93,186,93,50.0
2020-09-10,78,186,108,41.935483870967744
2020-09-11,83,186,103,44.623655913978496
2020-09-14,118,186,68,63.44086021505376
2020-09-15,72,186,114,38.70967741935484
2020-09-16,84,186,102,45.16129032258064
2020-09-17,74,186,112,39.784946236559136
2020-09-18,104,186,82,55.91397849462365
2020-09-21,83,186,103,44.623655913978496
2020-09-22,70,186,116,37.634408602150536
2020-09-23,92,186,94,49.46236559139785
2020-09-24,47,186,139,25.268817204301076
2020-09-25,61,186,125,32.795698924731184
2020-09-28,101,186,85,54.3010752688172
2020-09-29,32,186,154,17.20430107526882
2020-09-30,111,186,75,59.67741935483871
2020-10-01,136,186,50,73.11827956989248
2020-10-02,40,186,146,21.50537634408602
2020-10-05,136,186,50,73.11827956989248
2020-10-06,67,186,119,36.02150537634409
2020-10-07,51,186,135,27.419354838709676
2020-10-08,51,186,135,27.419354838709676
2020-10-09,89,186,97,47.8494623655914
2020-10-12,36,187,151,19.25133689839572
2020-10-13,73,187,114,39.037433155080215
2020-10-14,77,187,110,41.17647058823529
2020-10-15,71,187,116,37.967914438502675
2020-10-16,87,187,100,46.524064171122994
2020-10-19,90,187,97,48.1283422459893
2020-10-20,76,187,111,40.64171122994652
2020-10-21,45,187,142,24.06417112299465
2020-10-22,91,187,96,48.663101604278076
2020-10-23,95,187,92,50.80213903743316
2020-10-26,31,186,155,16.666666666666664
2020-10-27,30,186,156,16.129032258064516
2020-10-28,16,186,170,8.60215053763441
2020-10-29,89,186,97,47.8494623655914
2020-10-30,88,185,97,47.56756756756757
2020-11-02,119,185,66,64.32432432432432
2020-11-03,111,185,74,60.0
2020-11-04,125,185,60,67.56756756756756
2020-11-05,39,185,146,21.08108108108108
2020-11-06,72,185,113,38.91891891891892
2020-11-09,143,186,43,76.88172043010752
2020-11-10,76,187,111,40.64171122994652
2020-11-11,83,187,104,44.38502673796791
2020-11-12,111,187,76,59.35828877005348
2020-11-13,106,187,81,56.68449197860963
2020-11-16,41,187,146,21.92513368983957
2020-11-17,150,187,37,80.21390374331551
2020-11-18,93,187,94,49.73262032085562
2020-11-19,95,187,92,50.80213903743316
2020-11-20,99,187,88,52.94117647058824
2020-11-23,86,187,101,45.98930481283423
2020-11-24,61,187,126,32.62032085561498
2020-11-25,74,187,113,39.57219251336899
2020-11-26,83,187,104,44.38502673796791
2020-11-27,100,187,87,53.475935828877006
2020-11-30,64,187,123,34.22459893048128
2020-12-01,99,187,88,52.94117647058824
2020-12-02,101,186,85,54.3010752688172
2020-12-03,111,186,75,59.67741935483871
2020-12-04,70,186,116,37.634408602150536
2020-12-07,117,186,69,62.903225806451616
2020-12-08,84,186,102,45.16129032258064
2020-12-09,114,187,73,60.962566844919785
2020-12-10,38,187,149,20.32085561497326
2020-12-11,131,187,56,70.05347593582889
2020-12-14,140,187,47,74.8663101604278
2020-12-15,73,187,114,39.037433155080215
2020-12-16,120,187,67,64.1711229946524
2020-12-17,61,187,126,32.62032085561498
2020-12-18,131,187,56,70.05347593582889
2020-12-21,120,187,67,64.1711229946524
2020-12-22,112,186,74,60.215053763440864
2020-12-23,66,186,120,35.483870967741936
2020-12-24,27,187,160,14.43850267379679
2020-12-25,154,187,33,82.35294117647058
2020-12-28,89,187,98,47.593582887700535
2020-12-29,100,188,88,53.191489361702125
2020-12-30,65,188,123,34.57446808510639
2020-12-31,110,188,78,58.51063829787234
2021-01-04,152,188,36,80.85106382978722
2021-01-05,100,188,88,53.191489361702125
2021-01-06,91,188,97,48.40425531914894
2021-01-07,117,189,72,61.904761904761905
2021-01-08,108,190,82,56.84210526315789
2021-01-11,115,190,75,60.526315789473685
2021-01-12,110,190,80,57.89473684210527
2021-01-13,59,190,131,31.05263157894737
2021-01-14,85,190,105,44.73684210526316
2021-01-15,116,190,74,61.05263157894737
2021-01-18,83,190,107,43.684210526315795
2021-01-19,2,190,188,1.0526315789473684
2021-01-20,73,190,117,38.421052631578945
2021-01-21,169,190,21,88.94736842105263
2021-01-22,79,190,111,41.578947368421055
2021-01-25,84,190,106,44.21052631578947
2021-01-26,27,190,163,14.210526315789473
2021-01-27,13,190,177,6.842105263157896
2021-01-28,1,190,189,0.5263157894736842
2021-01-29,158,191,33,82.72251308900523
2021-02-01,24,191,167,12.56544502617801
2021-02-02,142,191,49,74.3455497382199
2021-02-03,181,191,10,94.76439790575915
2021-02-04,94,191,97,49.21465968586388
2021-02-05,138,191,53,72.25130890052355
2021-02-08,24,191,167,12.56544502617801
2021-02-09,171,191,20,89.52879581151832
2021-02-17,180,191,11,94.24083769633508
2021-02-18,125,191,66,65.44502617801047
2021-02-19,84,191,107,43.97905759162304
2021-02-22,79,191,112,41.361256544502616
2021-02-23,94,191,97,49.21465968586388
2021-02-24,36,191,155,18.848167539267017
2021-02-25,88,191,103,46.07329842931937
2021-02-26,81,191,110,42.40837696335078
2021-03-01,160,191,31,83.7696335078534
2021-03-02,85,191,106,44.50261780104712
2021-03-03,103,191,88,53.92670157068062
2021-03-04,41,191,150,21.465968586387437
2021-03-05,103,191,88,53.92670157068062
2021-03-08,122,191,69,63.87434554973822
2021-03-09,67,191,124,35.07853403141361
2021-03-10,117,191,74,61.25654450261781
2021-03-11,122,191,69,63.87434554973822
2021-03-12,59,191,132,30.89005235602094
2021-03-15,84,191,107,43.97905759162304
2021-03-16,54,191,137,28.272251308900525
2021-03-17,104,191,87,54.45026178010471
2021-03-18,89,191,102,46.596858638743456
2021-03-19,74,191,117,38.7434554973822
2021-03-22,61,191,130,31.93717277486911
2021-03-23,30,191,161,15.706806282722512
2021-03-24,21,191,170,10.99476439790576
2021-03-25,57,192,135,29.6875
2021-03-26,56,192,136,29.166666666666668
2021-03-29,156,192,36,81.25
2021-03-30,97,192,95,50.520833333333336
2021-03-31,92,191,99,48.167539267015705
2021-04-01,160,191,31,83.7696335078534
2021-04-02,105,191,86,54.973821989528794
2021-04-05,63,192,129,32.8125
2021-04-06,62,192,130,32.29166666666667
2021-04-07,113,192,79,58.854166666666664
2021-04-08,64,192,128,33.33333333333333
2021-04-09,76,192,116,39.58333333333333
2021-04-12,105,192,87,54.6875
2021-04-13,23,191,168,12.041884816753926
2021-04-14,116,191,75,60.73298429319372
2021-04-15,34,191,157,17.801047120418847
2021-04-16,27,192,165,14.0625
2021-04-19,123,192,69,64.0625
2021-04-20,55,192,137,28.645833333333332
2021-04-22,10,192,182,5.208333333333334
2021-04-23,161,192,31,83.85416666666666
2021-04-26,35,192,157,18.229166666666664
2021-04-27,73,192,119,38.02083333333333
2021-04-28,132,192,60,68.75
2021-04-29,107,191,84,56.02094240837696
2021-05-04,52,191,139,27.225130890052355
2021-05-05,153,191,38,80.10471204188482
2021-05-06,60,192,132,31.25
2021-05-07,45,192,147,23.4375
2021-05-10,91,192,101,47.39583333333333
2021-05-11,110,192,82,57.291666666666664
2021-05-12,147,192,45,76.5625
2021-05-13,53,192,139,27.604166666666668
2021-05-14,81,192,111,42.1875
2021-05-17,47,192,145,24.479166666666664
2021-05-18,54,192,138,28.125
2021-05-19,77,192,115,40.10416666666667
2021-05-20,81,192,111,42.1875
2021-05-21,135,192,57,70.3125
2021-05-24,144,192,48,75.0
2021-05-25,115,192,77,59.895833333333336
2021-05-26,77,192,115,40.10416666666667
2021-05-27,45,192,147,23.4375
2021-05-28,145,192,47,75.52083333333334
2021-05-31,101,192,91,52.604166666666664
2021-06-01,90,192,102,46.875
2021-06-02,115,192,77,59.895833333333336
2021-06-03,150,192,42,78.125
2021-06-04,90,192,102,46.875
2021-06-07,64,192,128,33.33333333333333
2021-06-08,29,192,163,15.104166666666666
2021-06-09,124,192,68,64.58333333333334
2021-06-10,63,192,129,32.8125
2021-06-11,157,192,35,81.77083333333334
2021-06-14,119,192,73,61.979166666666664
2021-06-15,95,192,97,49.47916666666667
2021-06-16,76,192,116,39.58333333333333
2021-06-17,121,192,71,63.020833333333336
2021-06-18,115,192,77,59.895833333333336
2021-06-21,80,192,112,41.66666666666667
2021-06-22,85,192,107,44.27083333333333
2021-06-23,45,192,147,23.4375
2021-06-24,54,192,138,28.125
2021-06-25,111,192,81,57.8125
2021-06-28,132,192,60,68.75
2021-06-29,71,192,121,36.97916666666667
2021-06-30,59,192,133,30.729166666666668
2021-07-01,108,192,84,56.25
2021-07-02,82,192,110,42.70833333333333
2021-07-05,50,192,142,26.041666666666668
2021-07-06,12,192,180,6.25
2021-07-07,99,192,93,51.5625
2021-07-08,65,192,127,33.85416666666667
2021-07-09,29,192,163,15.104166666666666
2021-07-12,12,192,180,6.25
2021-07-13,141,192,51,73.4375
2021-07-14,49,192,143,25.520833333333332
2021-07-15,159,192,33,82.8125
2021-07-16,92,193,101,47.66839378238342
2021-07-19,12,193,181,6.217616580310881
2021-07-20,165,194,29,85.05154639175258
2021-07-21,70,194,124,36.08247422680412
2021-07-22,173,194,21,89.17525773195877
2021-07-23,40,194,154,20.618556701030926
2021-07-26,105,194,89,54.123711340206185
2021-07-27,115,194,79,59.27835051546392
2021-07-28,68,194,126,35.051546391752574
2021-07-29,140,194,54,72.16494845360825
2021-07-30,136,194,58,70.10309278350515
2021-08-02,114,194,80,58.76288659793815
2021-08-03,112,194,82,57.73195876288659
2021-08-04,104,194,90,53.608247422680414
2021-08-05,129,194,65,66.49484536082474
2021-08-06,76,194,118,39.175257731958766
2021-08-09,162,194,32,83.50515463917526
2021-08-10,110,194,84,56.70103092783505
2021-08-11,71,194,123,36.597938144329895
2021-08-12,89,194,105,45.876288659793815
2021-08-13,95,194,99,48.96907216494845
2021-08-16,141,194,53,72.68041237113401
2021-08-17,61,194,133,31.443298969072163
2021-08-18,88,194,106,45.36082474226804
2021-08-19,118,194,76,60.824742268041234
2021-08-20,35,194,159,18.04123711340206
2021-08-23,47,194,147,24.22680412371134
2021-08-24,76,194,118,39.175257731958766
2021-08-25,129,194,65,66.49484536082474
2021-08-26,85,194,109,43.81443298969072
2021-08-27,151,194,43,77.83505154639175
2021-08-30,164,189,25,86.77248677248677
2021-08-31,92,189,97,48.67724867724868
2021-09-01,104,189,85,55.026455026455025
2021-09-06,133,193,60,68.9119170984456
2021-09-07,46,194,148,23.711340206185564
2021-09-08,58,194,136,29.896907216494846
2021-09-09,146,194,48,75.25773195876289
2021-09-10,77,194,117,39.69072164948454
2021-09-13,68,194,126,35.051546391752574
2021-09-14,60,194,134,30.927835051546392
2021-09-15,137,194,57,70.61855670103093
2021-09-16,94,194,100,48.45360824742268
2021-09-17,130,194,64,67.0103092783505
2021-09-20,66,194,128,34.02061855670103
2021-09-21,61,194,133,31.443298969072163
2021-09-22,142,194,52,73.19587628865979
2021-09-23,57,194,137,29.381443298969074
2021-09-24,45,194,149,23.195876288659793
2021-09-27,10,194,184,5.154639175257731
2021-09-28,157,194,37,80.9278350515464
2021-09-29,83,194,111,42.78350515463917
2021-09-30,108,194,86,55.670103092783506
2021-10-01,70,194,124,36.08247422680412
2021-10-04,113,194,81,58.24742268041238
2021-10-05,121,194,73,62.371134020618555
2021-10-06,123,193,70,63.730569948186535
2021-10-07,115,193,78,59.58549222797927
2021-10-08,80,193,113,41.45077720207254
2021-10-11,98,194,96,50.51546391752577
2021-10-12,83,194,111,42.78350515463917
2021-10-13,77,194,117,39.69072164948454
2021-10-14,120,194,74,61.855670103092784
2021-10-15,86,194,108,44.329896907216494
2021-10-18,84,194,110,43.29896907216495
2021-10-19,77,194,117,39.69072164948454
2021-10-20,78,194,116,40.20618556701031
2021-10-21,85,194,109,43.81443298969072
2021-10-22,103,194,91,53.09278350515464
2021-10-25,82,194,112,42.2680412371134
2021-10-26,112,194,82,57.73195876288659
2021-10-27,150,194,44,77.31958762886599
2021-10-28,136,193,57,70.46632124352331
2021-10-29,101,193,92,52.331606217616574
2021-11-01,91,193,102,47.15025906735752
2021-11-02,137,193,56,70.98445595854922
2021-11-03,37,193,156,19.170984455958546
2021-11-04,123,194,71,63.4020618556701
2021-11-05,136,194,58,70.10309278350515
2021-11-08,128,194,66,65.97938144329896
2021-11-09,80,194,114,41.23711340206185
2021-11-10,118,194,76,60.824742268041234
2021-11-11,73,194,121,37.628865979381445
2021-11-12,119,194,75,61.34020618556701
2021-11-15,105,194,89,54.123711340206185
2021-11-16,67,194,127,34.5360824742268
2021-11-17,112,194,82,57.73195876288659
2021-11-18,89,194,105,45.876288659793815
2021-11-19,46,194,148,23.711340206185564
2021-11-22,49,194,145,25.257731958762886
2021-11-23,146,194,48,75.25773195876289
2021-11-24,114,194,80,58.76288659793815
2021-11-25,127,194,67,65.4639175257732
2021-11-26,54,194,140,27.835051546391753
2021-11-29,83,194,111,42.78350515463917
2021-11-30,92,194,102,47.42268041237113
2021-12-01,94,194,100,48.45360824742268
2021-12-02,84,194,110,43.29896907216495
2021-12-03,9,194,185,4.639175257731959
2021-12-06,17,195,178,8.717948717948717
2021-12-07,184,195,11,94.35897435897435
2021-12-08,98,195,97,50.256410256410255
2021-12-09,153,195,42,78.46153846153847
2021-12-10,84,195,111,43.07692307692308
2021-12-13,148,195,47,75.8974358974359
2021-12-14,71,195,124,36.41025641025641
2021-12-15,73,195,122,37.43589743589744
2021-12-16,88,195,107,45.12820512820513
2021-12-17,93,195,102,47.69230769230769
2021-12-20,66,195,129,33.84615384615385
2021-12-21,86,195,109,44.1025641025641
2021-12-22,77,195,118,39.48717948717949
2021-12-23,55,195,140,28.205128205128204
2021-12-24,116,195,79,59.48717948717949
2021-12-27,117,195,78,60.0
2021-12-28,91,195,104,46.666666666666664
2021-12-29,79,195,116,40.51282051282051
2021-12-30,91,194,103,46.90721649484536
2021-12-31,95,194,99,48.96907216494845
2022-01-04,143,194,51,73.71134020618557
2022-01-05,91,194,103,46.90721649484536
2022-01-06,76,194,118,39.175257731958766
2022-01-07,93,193,100,48.18652849740933
2022-01-10,35,193,158,18.134715025906736
2022-01-11,49,193,144,25.38860103626943
2022-01-12,95,194,99,48.96907216494845
2022-01-13,45,194,149,23.195876288659793
2022-01-14,86,194,108,44.329896907216494
2022-01-17,10,194,184,5.154639175257731
2022-01-18,56,194,138,28.865979381443296
2022-01-19,119,194,75,61.34020618556701
2022-01-20,168,195,27,86.15384615384616
2022-01-21,80,195,115,41.02564102564102
2022-01-24,18,195,177,9.230769230769232
2022-01-25,146,195,49,74.87179487179488
2022-01-26,78,195,117,40.0
2022-01-27,67,195,128,34.35897435897436
2022-01-28,128,195,67,65.64102564102564
2022-02-07,161,195,34,82.56410256410255
2022-02-08,129,195,66,66.15384615384615
2022-02-09,126,195,69,64.61538461538461
2022-02-10,98,195,97,50.256410256410255
2022-02-11,94,195,101,48.205128205128204
2022-02-14,55,195,140,28.205128205128204
2022-02-15,125,194,69,64.43298969072166
2022-02-16,127,194,67,65.4639175257732
2022-02-17,114,194,80,58.76288659793815
2022-02-18,116,194,78,59.79381443298969
2022-02-21,122,194,72,62.88659793814433
2022-02-22,50,194,144,25.773195876288657
2022-02-23,145,195,50,74.35897435897436
2022-02-24,44,195,151,22.564102564102566
2022-02-25,138,195,57,70.76923076923077
2022-02-28,87,195,108,44.61538461538462
2022-03-01,108,195,87,55.38461538461539
2022-03-02,66,195,129,33.84615384615385
2022-03-03,148,195,47,75.8974358974359
2022-03-04,100,195,95,51.28205128205128
2022-03-07,84,195,111,43.07692307692308
2022-03-08,33,195,162,16.923076923076923
2022-03-09,88,195,107,45.12820512820513
2022-03-10,111,195,84,56.92307692307692
2022-03-11,58,195,137,29.743589743589745
2022-03-14,41,195,154,21.025641025641026
2022-03-15,124,195,71,63.589743589743584
2022-03-16,116,195,79,59.48717948717949
2022-03-17,100,195,95,51.28205128205128
2022-03-18,111,195,84,56.92307692307692
2022-03-21,149,195,46,76.41025641025641
2022-03-22,114,195,81,58.46153846153847
2022-03-23,77,195,118,39.48717948717949
2022-03-24,111,195,84,56.92307692307692
2022-03-25,88,195,107,45.12820512820513
2022-03-28,58,195,137,29.743589743589745
2022-03-29,147,195,48,75.38461538461539
2022-03-30,54,195,141,27.692307692307693
2022-03-31,78,195,117,40.0
2022-04-01,141,195,54,72.3076923076923
2022-04-04,110,195,85,56.41025641025641
2022-04-05,74,195,121,37.94871794871795
2022-04-06,71,195,124,36.41025641025641
2022-04-07,31,195,164,15.897435897435896
2022-04-08,25,195,170,12.82051282051282
2022-04-12,30,195,165,15.384615384615385
2022-04-13,173,195,22,88.71794871794872
2022-04-14,76,195,119,38.97435897435898
2022-04-15,64,195,131,32.82051282051282
2022-04-18,51,195,144,26.153846153846157
2022-04-19,37,195,158,18.974358974358974
2022-04-20,27,195,168,13.846153846153847
2022-04-21,56,195,139,28.717948717948715
2022-04-22,79,195,116,40.51282051282051
2022-04-25,2,195,193,1.0256410256410255
2022-04-26,161,195,34,82.56410256410255
2022-04-27,141,195,54,72.3076923076923
2022-04-28,95,195,100,48.717948717948715
2022-04-29,166,195,29,85.12820512820512
2022-05-04,70,195,125,35.8974358974359
2022-05-05,63,195,132,32.30769230769231
2022-05-06,14,195,181,7.179487179487179
2022-05-09,0,195,195,0.0
2022-05-10,135,195,60,69.23076923076923
2022-05-11,123,195,72,63.07692307692307
2022-05-12,5,195,190,2.564102564102564
2022-05-13,6,195,189,3.076923076923077
2022-05-16,97,195,98,49.743589743589745
2022-05-17,191,195,4,97.94871794871794
2022-05-18,121,195,74,62.05128205128205
2022-05-19,72,195,123,36.92307692307693
2022-05-20,112,195,83,57.43589743589743
2022-05-23,41,195,154,21.025641025641026
2022-05-24,123,195,72,63.07692307692307
2022-05-25,186,195,9,95.38461538461539
2022-05-26,104,195,91,53.333333333333336
2022-05-27,132,195,63,67.6923076923077
2022-05-30,116,195,79,59.48717948717949
2022-05-31,77,195,118,39.48717948717949
2022-06-01,88,195,107,45.12820512820513
2022-06-02,53,195,142,27.17948717948718
2022-06-03,71,195,124,36.41025641025641
2022-06-06,59,195,136,30.256410256410255
2022-06-07,75,195,120,38.46153846153847
2022-06-08,161,195,34,82.56410256410255
2022-06-09,102,195,93,52.307692307692314
2022-06-10,14,195,181,7.179487179487179
2022-06-13,5,195,190,2.564102564102564
2022-06-14,81,195,114,41.53846153846154
2022-06-15,30,195,165,15.384615384615385
2022-06-16,127,195,68,65.12820512820512
2022-06-17,35,195,160,17.94871794871795
2022-06-20,10,195,185,5.128205128205128
2022-06-21,52,195,143,26.666666666666668
2022-06-22,125,195,70,64.1025641025641
2022-06-23,165,195,30,84.61538461538461
2022-06-24,97,195,98,49.743589743589745
2022-06-27,165,195,30,84.61538461538461
2022-06-28,127,195,68,65.12820512820512
2022-06-29,84,195,111,43.07692307692308
2022-06-30,25,195,170,12.82051282051282
2022-07-01,104,195,91,53.333333333333336
2022-07-04,93,195,102,47.69230769230769
2022-07-05,34,195,161,17.435897435897434
2022-07-06,15,195,180,7.6923076923076925
2022-07-07,122,195,73,62.56410256410256
2022-07-08,150,195,45,76.92307692307693
2022-07-11,47,195,148,24.102564102564102
2022-07-12,178,195,17,91.28205128205128
2022-07-13,90,195,105,46.15384615384615
2022-07-14,131,195,64,67.17948717948717
2022-07-15,76,195,119,38.97435897435898
2022-07-18,98,195,97,50.256410256410255
2022-07-19,78,195,117,40.0
2022-07-20,175,195,20,89.74358974358975
2022-07-21,61,195,134,31.28205128205128
2022-07-22,58,195,137,29.743589743589745
2022-07-25,53,195,142,27.17948717948718
2022-07-26,55,195,140,28.205128205128204
2022-07-27,116,195,79,59.48717948717949
2022-07-28,163,195,32,83.58974358974359
2022-07-29,81,195,114,41.53846153846154
2022-08-01,164,195,31,84.1025641025641
2022-08-02,118,195,77,60.51282051282051
2022-08-03,136,195,59,69.74358974358974
2022-08-04,75,195,120,38.46153846153847
2022-08-05,109,195,86,55.8974358974359
2022-08-08,107,195,88,54.871794871794876
2022-08-09,103,195,92,52.820512820512825
2022-08-10,74,195,121,37.94871794871795
2022-08-11,43,195,152,22.05128205128205
2022-08-12,141,195,54,72.3076923076923
2022-08-15,121,195,74,62.05128205128205
2022-08-16,98,195,97,50.256410256410255
2022-08-17,58,195,137,29.743589743589745
2022-08-18,49,195,146,25.128205128205128
2022-08-19,50,195,145,25.64102564102564
2022-08-22,58,195,137,29.743589743589745
2022-08-23,166,195,29,85.12820512820512
2022-08-24,109,195,86,55.8974358974359
2022-08-25,111,195,84,56.92307692307692
2022-08-26,36,195,159,18.461538461538463
2022-08-29,36,195,159,18.461538461538463
2022-08-30,71,195,124,36.41025641025641
2022-08-31,107,195,88,54.871794871794876
2022-09-05,74,195,121,37.94871794871795
2022-09-06,81,195,114,41.53846153846154
2022-09-07,14,195,181,7.179487179487179
2022-09-08,50,195,145,25.64102564102564
2022-09-09,140,195,55,71.7948717948718
2022-09-12,82,195,113,42.05128205128205
2022-09-13,85,195,110,43.58974358974359
2022-09-14,72,195,123,36.92307692307693
2022-09-15,75,195,120,38.46153846153847
2022-09-16,24,195,171,12.307692307692308
2022-09-19,13,195,182,6.666666666666667
2022-09-20,155,195,40,79.48717948717949
2022-09-21,56,195,139,28.717948717948715
2022-09-22,142,195,53,72.82051282051282
2022-09-23,51,195,144,26.153846153846157
2022-09-26,12,195,183,6.153846153846154
2022-09-27,73,195,122,37.43589743589744
2022-09-28,28,195,167,14.358974358974358
2022-09-29,21,195,174,10.76923076923077
2022-09-30,97,195,98,49.743589743589745
2022-10-03,3,195,192,1.5384615384615385
2022-10-04,53,195,142,27.17948717948718
2022-10-05,189,195,6,96.92307692307692
2022-10-06,10,195,185,5.128205128205128
2022-10-07,17,195,178,8.717948717948717
2022-10-10,139,195,56,71.28205128205128
2022-10-11,8,195,187,4.102564102564102
2022-10-12,167,195,28,85.64102564102564
2022-10-13,126,195,69,64.61538461538461
2022-10-14,159,195,36,81.53846153846153
2022-10-17,79,195,116,40.51282051282051
2022-10-18,128,195,67,65.64102564102564
2022-10-19,58,195,137,29.743589743589745
2022-10-20,44,195,151,22.564102564102566
2022-10-21,4,195,191,2.051282051282051
2022-10-24,10,195,185,5.128205128205128
2022-10-25,89,195,106,45.64102564102564
2022-10-26,57,195,138,29.230769230769234
2022-10-27,185,195,10,94.87179487179486
2022-10-28,85,195,110,43.58974358974359
2022-10-31,62,195,133,31.794871794871792
2022-11-01,118,195,77,60.51282051282051
2022-11-02,63,195,132,32.30769230769231
2022-11-03,62,195,133,31.794871794871792
2022-11-04,16,195,179,8.205128205128204
2022-11-07,14,195,181,7.179487179487179
2022-11-08,103,195,92,52.820512820512825
2022-11-09,102,195,93,52.307692307692314
2022-11-10,2,195,193,1.0256410256410255
2022-11-11,78,195,117,40.0
2022-11-14,21,195,174,10.76923076923077
2022-11-15,10,195,185,5.128205128205128
2022-11-16,181,195,14,92.82051282051282
2022-11-17,165,195,30,84.61538461538461
2022-11-18,131,195,64,67.17948717948717
2022-11-21,125,195,70,64.1025641025641
2022-11-22,111,195,84,56.92307692307692
2022-11-23,38,195,157,19.48717948717949
2022-11-24,93,195,102,47.69230769230769
2022-11-25,181,195,14,92.82051282051282
2022-11-28,182,195,13,93.33333333333333
2022-11-29,152,195,43,77.94871794871796
2022-11-30,149,195,46,76.41025641025641
2022-12-01,91,195,104,46.666666666666664
2022-12-02,175,195,20,89.74358974358975
2022-12-05,135,195,60,69.23076923076923
2022-12-06,28,195,167,14.358974358974358
2022-12-07,39,195,156,20.0
2022-12-08,152,195,43,77.94871794871796
2022-12-09,102,195,93,52.307692307692314
2022-12-12,61,195,134,31.28205128205128
2022-12-13,148,195,47,75.8974358974359
2022-12-14,105,195,90,53.84615384615385
2022-12-15,97,195,98,49.743589743589745
2022-12-16,99,195,96,50.76923076923077
2022-12-19,51,195,144,26.153846153846157
2022-12-20,26,195,169,13.333333333333334
2022-12-21,44,195,151,22.564102564102566
2022-12-22,117,195,78,60.0
2022-12-23,78,195,117,40.0
2022-12-26,7,195,188,3.5897435897435894
2022-12-27,166,195,29,85.12820512820512
2022-12-28,117,195,78,60.0
2022-12-29,48,195,147,24.615384615384617
2022-12-30,84,195,111,43.07692307692308
2023-01-03,177,195,18,90.76923076923077
2023-01-04,84,195,111,43.07692307692308
2023-01-05,109,195,86,55.8974358974359
2023-01-06,46,195,149,23.589743589743588
2023-01-09,67,194,127,34.5360824742268
2023-01-10,96,194,98,49.48453608247423
2023-01-11,120,194,74,61.855670103092784
2023-01-12,83,194,111,42.78350515463917
2023-01-13,67,194,127,34.5360824742268
2023-01-16,79,194,115,40.72164948453608
2023-01-17,172,195,23,88.2051282051282
2023-01-18,146,195,49,74.87179487179488
2023-01-19,127,195,68,65.12820512820512
2023-01-27,127,195,68,65.12820512820512
2023-01-30,78,195,117,40.0
2023-01-31,136,195,59,69.74358974358974
2023-02-01,19,195,176,9.743589743589745
2023-02-02,44,195,151,22.564102564102566
2023-02-03,98,195,97,50.256410256410255
2023-02-06,103,195,92,52.820512820512825
2023-02-07,28,195,167,14.358974358974358
2023-02-08,116,195,79,59.48717948717949
2023-02-09,82,195,113,42.05128205128205
2023-02-10,32,195,163,16.41025641025641
2023-02-13,18,195,177,9.230769230769232
2023-02-14,116,195,79,59.48717948717949
2023-02-15,170,195,25,87.17948717948718
2023-02-16,169,195,26,86.66666666666667
2023-02-17,69,195,126,35.38461538461539
2023-02-20,182,195,13,93.33333333333333
2023-02-21,50,195,145,25.64102564102564
2023-02-22,14,195,181,7.179487179487179
2023-02-23,89,195,106,45.64102564102564
2023-02-24,28,195,167,14.358974358974358
2023-02-27,12,195,183,6.153846153846154
2023-02-28,109,195,86,55.8974358974359
2023-03-01,172,195,23,88.2051282051282
2023-03-02,55,195,140,28.205128205128204
2023-03-03,23,195,172,11.794871794871794
2023-03-06,119,195,76,61.02564102564103
2023-03-07,111,195,84,56.92307692307692
2023-03-08,150,195,45,76.92307692307693
2023-03-09,104,195,91,53.333333333333336
2023-03-10,47,195,148,24.102564102564102
2023-03-13,36,195,159,18.461538461538463
2023-03-14,17,195,178,8.717948717948717
2023-03-15,187,195,8,95.8974358974359
2023-03-16,9,195,186,4.615384615384616
2023-03-17,89,195,106,45.64102564102564
2023-03-20,11,195,184,5.641025641025641
2023-03-21,151,195,44,77.43589743589745
2023-03-22,85,195,110,43.58974358974359
2023-03-23,102,195,93,52.307692307692314
2023-03-24,122,195,73,62.56410256410256
2023-03-27,138,195,57,70.76923076923077
2023-03-28,81,195,114,41.53846153846154
2023-03-29,82,195,113,42.05128205128205
2023-03-30,76,195,119,38.97435897435898
2023-03-31,98,195,97,50.256410256410255
2023-04-03,172,195,23,88.2051282051282
2023-04-04,120,195,75,61.53846153846154
2023-04-05,123,195,72,63.07692307692307
2023-04-06,46,195,149,23.589743589743588
2023-04-07,91,195,104,46.666666666666664
2023-04-10,66,195,129,33.84615384615385
2023-04-11,142,195,53,72.82051282051282
2023-04-12,83,195,112,42.56410256410256
2023-04-13,52,195,143,26.666666666666668
2023-04-14,25,195,170,12.82051282051282
2023-04-17,98,195,97,50.256410256410255
2023-04-18,133,195,62,68.2051282051282
2023-04-19,36,195,159,18.461538461538463
2023-04-20,94,195,101,48.205128205128204
2023-04-21,60,195,135,30.76923076923077
2023-04-24,72,195,123,36.92307692307693
2023-04-25,50,195,145,25.64102564102564
2023-04-26,129,195,66,66.15384615384615
2023-04-27,92,195,103,47.179487179487175
2023-04-28,128,195,67,65.64102564102564
2023-05-04,83,195,112,42.56410256410256
2023-05-05,75,195,120,38.46153846153847
2023-05-08,141,195,54,72.3076923076923
2023-05-09,83,195,112,42.56410256410256
2023-05-10,132,195,63,67.6923076923077
2023-05-11,85,195,110,43.58974358974359
2023-05-12,122,195,73,62.56410256410256
2023-05-15,56,195,139,28.717948717948715
2023-05-16,92,195,103,47.179487179487175
2023-05-17,53,195,142,27.17948717948718
2023-05-18,93,195,102,47.69230769230769
2023-05-19,104,195,91,53.333333333333336
2023-05-22,145,195,50,74.35897435897436
2023-05-23,66,195,129,33.84615384615385
2023-05-24,64,195,131,32.82051282051282
2023-05-25,77,195,118,39.48717948717949
2023-05-26,114,195,81,58.46153846153847
2023-05-29,155,195,40,79.48717948717949
2023-05-30,107,195,88,54.871794871794876
2023-05-31,99,195,96,50.76923076923077
2023-06-01,90,195,105,46.15384615384615
2023-06-02,103,195,92,52.820512820512825
2023-06-05,94,195,101,48.205128205128204
2023-06-06,128,195,67,65.64102564102564
2023-06-07,104,195,91,53.333333333333336
2023-06-08,36,195,159,18.461538461538463
2023-06-09,107,195,88,54.871794871794876
2023-06-12,122,195,73,62.56410256410256
2023-06-13,87,195,108,44.61538461538462
2023-06-14,32,195,163,16.41025641025641
2023-06-15,79,195,116,40.51282051282051
2023-06-16,64,195,131,32.82051282051282
2023-06-19,73,195,122,37.43589743589744
2023-06-20,162,195,33,83.07692307692308
2023-06-21,158,195,37,81.02564102564102
2023-06-22,130,195,65,66.66666666666666
2023-06-23,67,195,128,34.35897435897436
2023-06-26,74,195,121,37.94871794871795
2023-06-27,87,195,108,44.61538461538462
2023-06-28,79,195,116,40.51282051282051
2023-06-29,17,195,178,8.717948717948717
2023-06-30,72,195,123,36.92307692307693
2023-07-03,118,195,77,60.51282051282051
2023-07-04,147,195,48,75.38461538461539
2023-07-05,89,195,106,45.64102564102564
2023-07-06,41,195,154,21.025641025641026
2023-07-07,136,195,59,69.74358974358974
2023-07-10,149,195,46,76.41025641025641
2023-07-11,82,195,113,42.05128205128205
2023-07-12,81,195,114,41.53846153846154
2023-07-13,155,195,40,79.48717948717949
2023-07-14,94,195,101,48.205128205128204
2023-07-17,94,195,101,48.205128205128204
2023-07-18,65,195,130,33.33333333333333
2023-07-19,60,195,135,30.76923076923077
2023-07-20,112,195,83,57.43589743589743
2023-07-21,153,195,42,78.46153846153847
2023-07-24,114,195,81,58.46153846153847
2023-07-25,58,195,137,29.743589743589745
2023-07-26,81,195,114,41.53846153846154
2023-07-27,82,195,113,42.05128205128205
2023-07-28,129,195,66,66.15384615384615
2023-07-31,108,195,87,55.38461538461539
2023-08-01,50,194,144,25.773195876288657
2023-08-02,123,194,71,63.4020618556701
2023-08-03,67,194,127,34.5360824742268
2023-08-04,146,194,48,75.25773195876289
2023-08-07,129,194,65,66.49484536082474
2023-08-08,85,195,110,43.58974358974359
2023-08-09,61,195,134,31.28205128205128
2023-08-10,31,195,164,15.897435897435896
2023-08-11,91,195,104,46.666666666666664
2023-08-14,145,195,50,74.35897435897436
2023-08-15,86,195,109,44.1025641025641
2023-08-16,67,195,128,34.35897435897436
2023-08-17,43,195,152,22.05128205128205
2023-08-18,4,195,191,2.051282051282051
2023-08-21,94,195,101,48.205128205128204
2023-08-22,122,195,73,62.56410256410256
2023-08-23,43,195,152,22.05128205128205
2023-08-24,184,195,11,94.35897435897435
2023-08-25,82,195,113,42.05128205128205
2023-08-28,162,195,33,83.07692307692308
2023-08-29,119,195,76,61.02564102564103
2023-08-30,121,195,74,62.05128205128205
2023-08-31,154,195,41,78.97435897435898
2023-09-05,141,195,54,72.3076923076923
2023-09-06,138,195,57,70.76923076923077
2023-09-07,91,195,104,46.666666666666664
2023-09-08,113,195,82,57.948717948717956
2023-09-11,34,195,161,17.435897435897434
2023-09-12,168,195,27,86.15384615384616
2023-09-13,63,195,132,32.30769230769231
2023-09-14,26,195,169,13.333333333333334
2023-09-15,88,195,107,45.12820512820513
2023-09-18,51,195,144,26.153846153846157
2023-09-19,105,195,90,53.84615384615385
2023-09-20,171,195,24,87.6923076923077
2023-09-21,53,195,142,27.17948717948718
2023-09-22,22,195,173,11.282051282051283
2023-09-25,9,195,186,4.615384615384616
2023-09-26,44,195,151,22.564102564102566
2023-09-27,170,195,25,87.17948717948718
2023-09-28,82,195,113,42.05128205128205
2023-09-29,86,195,109,44.1025641025641
2023-10-02,124,195,71,63.589743589743584
2023-10-03,7,195,188,3.5897435897435894
2023-10-04,153,195,42,78.46153846153847
2023-10-05,42,195,153,21.53846153846154
2023-10-06,162,195,33,83.07692307692308
2023-10-09,147,195,48,75.38461538461539
2023-10-10,102,195,93,52.307692307692314
2023-10-11,143,195,52,73.33333333333333
2023-10-12,85,195,110,43.58974358974359
2023-10-13,94,195,101,48.205128205128204
2023-10-16,43,195,152,22.05128205128205
2023-10-17,12,195,183,6.153846153846154
2023-10-18,24,195,171,12.307692307692308
2023-10-19,30,195,165,15.384615384615385
2023-10-20,178,195,17,91.28205128205128
2023-10-23,23,195,172,11.794871794871794
2023-10-24,150,195,45,76.92307692307693
2023-10-25,58,195,137,29.743589743589745
2023-10-26,1,195,194,0.5128205128205128
2023-10-27,140,195,55,71.7948717948718
2023-10-30,14,195,181,7.179487179487179
2023-10-31,16,195,179,8.205128205128204
2023-11-01,154,195,41,78.97435897435898
2023-11-02,193,195,2,98.97435897435898
2023-11-03,76,195,119,38.97435897435898
2023-11-06,136,195,59,69.74358974358974
2023-11-07,52,195,143,26.666666666666668
2023-11-08,192,195,3,98.46153846153847
2023-11-09,104,195,91,53.333333333333336
2023-11-10,43,195,152,22.05128205128205
2023-11-13,80,195,115,41.02564102564102
2023-11-14,139,195,56,71.28205128205128
2023-11-15,122,195,73,62.56410256410256
2023-11-16,137,195,58,70.25641025641025
2023-11-17,37,195,158,18.974358974358974
2023-11-20,100,195,95,51.28205128205128
2023-11-21,147,195,48,75.38461538461539
2023-11-22,121,195,74,62.05128205128205
2023-11-23,14,195,181,7.179487179487179
2023-11-24,98,195,97,50.256410256410255
2023-11-27,36,195,159,18.461538461538463
2023-11-28,121,195,74,62.05128205128205
2023-11-29,149,195,46,76.41025641025641
2023-11-30,52,195,143,26.666666666666668
2023-12-01,112,195,83,57.43589743589743
2023-12-04,179,195,16,91.7948717948718
2023-12-05,56,195,139,28.717948717948715
2023-12-06,159,195,36,81.53846153846153
2023-12-07,45,195,150,23.076923076923077
2023-12-08,68,195,127,34.87179487179487
2023-12-11,71,195,124,36.41025641025641
2023-12-12,102,195,93,52.307692307692314
2023-12-13,15,195,180,7.6923076923076925
2023-12-14,38,195,157,19.48717948717949
2023-12-15,62,195,133,31.794871794871792
2023-12-18,42,195,153,21.53846153846154
2023-12-19,133,195,62,68.2051282051282
2023-12-20,113,195,82,57.948717948717956
2023-12-21,87,195,108,44.61538461538462
2023-12-22,70,195,125,35.8974358974359
2023-12-25,158,195,37,81.02564102564102
2023-12-26,98,195,97,50.256410256410255
2023-12-27,72,195,123,36.92307692307693
2023-12-28,88,195,107,45.12820512820513
2023-12-29,105,195,90,53.84615384615385
2024-01-02,68,195,127,34.87179487179487
2024-01-03,158,195,37,81.02564102564102
2024-01-04,73,195,122,37.43589743589744
2024-01-05,92,195,103,47.179487179487175
2024-01-08,101,195,94,51.7948717948718
2024-01-09,56,195,139,28.717948717948715
2024-01-10,44,195,151,22.564102564102566
2024-01-11,98,195,97,50.256410256410255
2024-01-12,24,195,171,12.307692307692308
2024-01-15,42,194,152,21.649484536082475
2024-01-16,150,194,44,77.31958762886599
2024-01-17,82,194,112,42.2680412371134
2024-01-18,106,194,88,54.63917525773196
2024-01-19,92,194,102,47.42268041237113
2024-01-22,91,194,103,46.90721649484536
2024-01-23,56,194,138,28.865979381443296
2024-01-24,48,194,146,24.742268041237114
2024-01-25,65,194,129,33.50515463917525
2024-01-26,99,195,96,50.76923076923077
2024-01-29,87,195,108,44.61538461538462
2024-01-30,133,195,62,68.2051282051282
2024-01-31,34,195,161,17.435897435897434
2024-02-01,130,195,65,66.66666666666666
2024-02-02,74,195,121,37.94871794871795
2024-02-05,97,195,98,49.743589743589745
2024-02-06,102,195,93,52.307692307692314
2024-02-07,120,195,75,61.53846153846154
2024-02-15,112,195,83,57.43589743589743
2024-02-16,105,195,90,53.84615384615385
2024-02-19,102,195,93,52.307692307692314
2024-02-20,84,195,111,43.07692307692308
2024-02-21,75,195,120,38.46153846153847
2024-02-22,74,195,121,37.94871794871795
2024-02-23,15,195,180,7.6923076923076925
2024-02-26,136,195,59,69.74358974358974
2024-02-27,144,195,51,73.84615384615385
2024-02-28,98,195,97,50.256410256410255
2024-02-29,70,194,124,36.08247422680412
2024-03-01,139,193,54,72.02072538860104
2024-03-04,105,193,88,54.40414507772021
2024-03-05,102,193,91,52.84974093264248
2024-03-06,34,193,159,17.616580310880828
2024-03-07,112,193,81,58.03108808290155
2024-03-08,44,194,150,22.68041237113402
2024-03-11,43,194,151,22.164948453608247
2024-03-12,99,195,96,50.76923076923077
2024-03-13,178,195,17,91.28205128205128
2024-03-14,84,195,111,43.07692307692308
2024-03-15,87,195,108,44.61538461538462
2024-03-18,35,195,160,17.94871794871795
2024-03-19,82,195,113,42.05128205128205
2024-03-20,136,195,59,69.74358974358974
2024-03-21,149,195,46,76.41025641025641
2024-03-22,80,195,115,41.02564102564102
2024-03-25,34,195,161,17.435897435897434
2024-03-26,142,195,53,72.82051282051282
2024-03-27,98,195,97,50.256410256410255
2024-03-28,94,195,101,48.205128205128204
2024-03-29,52,195,143,26.666666666666668
2024-04-01,69,195,126,35.38461538461539
2024-04-02,127,195,68,65.12820512820512
2024-04-03,43,195,152,22.05128205128205
2024-04-04,41,195,154,21.025641025641026
2024-04-05,28,195,167,14.358974358974358
2024-04-08,34,195,161,17.435897435897434
2024-04-09,148,195,47,75.8974358974359
2024-04-10,36,195,159,18.461538461538463
2024-04-11,70,195,125,35.8974358974359
2024-04-12,149,195,46,76.41025641025641
2024-04-15,3,195,192,1.5384615384615385
2024-04-16,74,195,121,37.94871794871795
2024-04-17,33,195,162,16.923076923076923
2024-04-19,19,195,176,9.743589743589745
2024-04-22,166,195,29,85.12820512820512
2024-04-23,36,195,159,18.461538461538463
2024-04-24,186,195,9,95.38461538461539
2024-04-25,51,195,144,26.153846153846157
2024-04-26,80,195,115,41.02564102564102
2024-05-02,112,195,83,57.43589743589743
2024-05-03,85,195,110,43.58974358974359
2024-05-06,183,195,12,93.84615384615384
2024-05-07,116,195,79,59.48717948717949
2024-05-08,98,195,97,50.256410256410255
2024-05-09,65,195,130,33.33333333333333
2024-05-10,78,194,116,40.20618556701031
2024-05-13,79,194,115,40.72164948453608
2024-05-14,91,194,103,46.90721649484536
2024-05-15,146,194,48,75.25773195876289
2024-05-16,133,194,61,68.55670103092784
2024-05-17,125,194,69,64.43298969072166
2024-05-20,106,194,88,54.63917525773196
2024-05-21,104,194,90,53.608247422680414
2024-05-22,75,194,119,38.659793814432994
2024-05-23,146,195,49,74.87179487179488
2024-05-24,24,195,171,12.307692307692308
2024-05-27,104,195,91,53.333333333333336
2024-05-28,169,195,26,86.66666666666667
2024-05-29,61,195,134,31.28205128205128
2024-05-30,79,195,116,40.51282051282051
2024-05-31,77,195,118,39.48717948717949
2024-06-03,153,195,42,78.46153846153847
2024-06-04,88,195,107,45.12820512820513
2024-06-05,64,195,131,32.82051282051282
2024-06-06,73,195,122,37.43589743589744
2024-06-07,98,195,97,50.256410256410255
2024-06-10,99,195,96,50.76923076923077
2024-06-11,59,195,136,30.256410256410255
2024-06-12,139,195,56,71.28205128205128
2024-06-13,80,195,115,41.02564102564102
2024-06-14,16,195,179,8.205128205128204
2024-06-17,68,195,127,34.87179487179487
2024-06-18,116,195,79,59.48717948717949
2024-06-19,84,195,111,43.07692307692308
2024-06-20,64,195,131,32.82051282051282
2024-06-21,75,195,120,38.46153846153847
2024-06-24,19,195,176,9.743589743589745
2024-06-25,125,195,70,64.1025641025641
2024-06-26,89,195,106,45.64102564102564
2024-06-27,59,195,136,30.256410256410255
2024-06-28,30,195,165,15.384615384615385
2024-07-01,142,195,53,72.82051282051282
2024-07-02,153,195,42,78.46153846153847
2024-07-03,104,195,91,53.333333333333336
2024-07-04,90,195,105,46.15384615384615
2024-07-05,83,195,112,42.56410256410256
2024-07-08,107,195,88,54.871794871794876
2024-07-09,143,195,52,73.33333333333333
2024-07-10,54,195,141,27.692307692307693
2024-07-11,82,195,113,42.05128205128205
2024-07-12,58,195,137,29.743589743589745
2024-07-15,85,195,110,43.58974358974359
2024-07-16,54,195,141,27.692307692307693
2024-07-17,17,195,178,8.717948717948717
2024-07-18,151,195,44,77.43589743589745
2024-07-19,34,195,161,17.435897435897434
2024-07-22,27,195,168,13.846153846153847
2024-07-23,16,195,179,8.205128205128204
2024-07-24,148,195,47,75.8974358974359
2024-07-25,64,195,131,32.82051282051282
2024-07-26,146,195,49,74.87179487179488
2024-07-29,107,195,88,54.871794871794876
2024-07-30,48,195,147,24.615384615384617
2024-07-31,63,195,132,32.30769230769231
2024-08-01,11,195,184,5.641025641025641
2024-08-02,145,195,50,74.35897435897436
2024-08-05,5,195,190,2.564102564102564
2024-08-06,185,195,10,94.87179487179486
2024-08-07,92,195,103,47.179487179487175
2024-08-08,60,195,135,30.76923076923077
2024-08-09,162,195,33,83.07692307692308
2024-08-12,137,195,58,70.25641025641025
2024-08-13,60,195,135,30.76923076923077
2024-08-14,57,195,138,29.230769230769234
2024-08-15,26,195,169,13.333333333333334
2024-08-16,192,195,3,98.46153846153847
2024-08-19,120,195,75,61.53846153846154
2024-08-20,128,195,67,65.64102564102564
2024-08-21,117,195,78,60.0
2024-08-22,56,195,139,28.717948717948715
2024-08-23,76,195,119,38.97435897435898
2024-08-26,41,195,154,21.025641025641026
2024-08-27,67,195,128,34.35897435897436
2024-08-28,61,195,134,31.28205128205128
2024-08-29,51,195,144,26.153846153846157
2024-08-30,86,195,109,44.1025641025641
2024-09-04,49,195,146,25.128205128205128
2024-09-05,30,195,165,15.384615384615385
2024-09-06,83,193,110,43.005181347150256
2024-09-09,40,193,153,20.72538860103627
2024-09-10,26,193,167,13.471502590673575
2024-09-11,60,193,133,31.088082901554404
2024-09-12,88,193,105,45.59585492227979
2024-09-13,92,193,101,47.66839378238342
2024-09-16,20,193,173,10.362694300518134
2024-09-17,168,193,25,87.04663212435233
2024-09-18,104,195,91,53.333333333333336
2024-09-19,120,195,75,61.53846153846154
2024-09-20,93,195,102,47.69230769230769
2024-09-23,59,195,136,30.256410256410255
2024-09-24,125,195,70,64.1025641025641
2024-09-25,135,195,60,69.23076923076923
2024-09-26,85,195,110,43.58974358974359
2024-09-27,53,195,142,27.17948717948718
2024-09-30,70,195,125,35.8974358974359
2024-10-01,105,195,90,53.84615384615385
2024-10-02,50,195,145,25.64102564102564
2024-10-03,19,195,176,9.743589743589745
2024-10-04,41,195,154,21.025641025641026
2024-10-07,86,195,109,44.1025641025641
2024-10-08,86,195,109,44.1025641025641
2024-10-09,131,195,64,67.17948717948717
2024-10-10,65,195,130,33.33333333333333
2024-10-11,103,195,92,52.820512820512825
2024-10-14,58,195,137,29.743589743589745
2024-10-15,21,194,173,10.824742268041238
2024-10-16,58,194,136,29.896907216494846
2024-10-17,129,194,65,66.49484536082474
2024-10-18,50,194,144,25.773195876288657
2024-10-21,35,194,159,18.04123711340206
2024-10-22,37,194,157,19.072164948453608
2024-10-23,114,194,80,58.76288659793815
2024-10-24,28,195,167,14.358974358974358
2024-10-25,64,195,131,32.82051282051282
2024-10-28,105,195,90,53.84615384615385
2024-10-29,128,195,67,65.64102564102564
2024-10-30,66,195,129,33.84615384615385
2024-10-31,77,195,118,39.48717948717949
2024-11-01,30,195,165,15.384615384615385
2024-11-04,47,195,148,24.102564102564102
2024-11-05,92,195,103,47.179487179487175
2024-11-06,177,195,18,90.76923076923077
2024-11-07,70,195,125,35.8974358974359
2024-11-08,63,195,132,32.30769230769231
2024-11-11,96,195,99,49.23076923076923
2024-11-12,46,195,149,23.589743589743588
2024-11-13,66,195,129,33.84615384615385
2024-11-14,30,195,165,15.384615384615385
2024-11-15,29,195,166,14.871794871794872
2024-11-18,93,195,102,47.69230769230769
2024-11-19,15,195,180,7.6923076923076925
2024-11-20,155,195,40,79.48717948717949
2024-11-21,138,195,57,70.76923076923077
2024-11-22,54,195,141,27.692307692307693
2024-11-25,114,195,81,58.46153846153847
2024-11-26,149,195,46,76.41025641025641
2024-11-27,60,195,135,30.76923076923077
2024-11-28,75,195,120,38.46153846153847
2024-11-29,116,195,79,59.48717948717949
2024-12-02,71,195,124,36.41025641025641
2024-12-03,66,195,129,33.84615384615385
2024-12-04,37,195,158,18.974358974358974
2024-12-05,181,195,14,92.82051282051282
2024-12-06,76,195,119,38.97435897435898
2024-12-09,128,195,67,65.64102564102564
2024-12-10,58,195,137,29.743589743589745
2024-12-11,61,195,134,31.28205128205128
2024-12-12,60,195,135,30.76923076923077
2024-12-13,34,195,161,17.435897435897434
2024-12-16,74,195,121,37.94871794871795
2024-12-17,67,195,128,34.35897435897436
2024-12-18,126,195,69,64.61538461538461
2024-12-19,32,195,163,16.41025641025641
2024-12-20,106,195,89,54.35897435897436
2024-12-23,116,195,79,59.48717948717949
2024-12-24,75,195,120,38.46153846153847
2024-12-25,139,195,56,71.28205128205128
2024-12-26,63,195,132,32.30769230769231
2024-12-27,53,195,142,27.17948717948718
2024-12-30,47,195,148,24.102564102564102
2024-12-31,55,195,140,28.205128205128204
2025-01-02,105,195,90,53.84615384615385
2025-01-03,29,195,166,14.871794871794872
2025-01-06,26,195,169,13.333333333333334
2025-01-07,55,194,139,28.350515463917525
2025-01-08,135,194,59,69.58762886597938
2025-01-09,42,194,152,21.649484536082475
2025-01-10,20,194,174,10.309278350515463
2025-01-13,117,194,77,60.30927835051546
2025-01-14,43,194,151,22.164948453608247
2025-01-15,149,194,45,76.80412371134021
2025-01-16,114,194,80,58.76288659793815
2025-01-17,137,195,58,70.25641025641025
2025-01-20,58,195,137,29.743589743589745
2025-01-21,46,195,149,23.589743589743588
2025-01-22,40,195,155,20.51282051282051
2025-01-23,160,195,35,82.05128205128204
2025-01-24,94,195,101,48.205128205128204
2025-02-03,79,195,116,40.51282051282051
2025-02-04,168,195,27,86.15384615384616
2025-02-05,115,195,80,58.97435897435898
2025-02-06,69,195,126,35.38461538461539
2025-02-07,70,195,125,35.8974358974359
2025-02-10,30,195,165,15.384615384615385
2025-02-11,118,195,77,60.51282051282051
2025-02-12,82,195,113,42.05128205128205
2025-02-13,99,195,96,50.76923076923077
2025-02-14,116,195,79,59.48717948717949
2025-02-17,87,195,108,44.61538461538462
2025-02-18,109,195,86,55.8974358974359
2025-02-19,159,195,36,81.53846153846153
2025-02-20,85,195,110,43.58974358974359
2025-02-21,72,195,123,36.92307692307693
2025-02-24,93,195,102,47.69230769230769
2025-02-25,84,195,111,43.07692307692308
2025-02-26,65,195,130,33.33333333333333
2025-02-27,108,195,87,55.38461538461539
2025-02-28,65,195,130,33.33333333333333
2025-03-03,91,195,104,46.666666666666664
2025-03-04,63,195,132,32.30769230769231
2025-03-05,21,195,174,10.76923076923077
2025-03-06,154,195,41,78.97435897435898
2025-03-07,80,195,115,41.02564102564102
2025-03-10,63,195,132,32.30769230769231
2025-03-11,104,195,91,53.333333333333336
2025-03-12,53,195,142,27.17948717948718
2025-03-13,22,195,173,11.282051282051283
2025-03-14,57,195,138,29.230769230769234
2025-03-17,115,195,80,58.97435897435898
2025-03-18,74,195,121,37.94871794871795
2025-03-19,52,195,143,26.666666666666668
2025-03-20,68,195,127,34.87179487179487
2025-03-21,61,195,134,31.28205128205128
2025-03-24,71,195,124,36.41025641025641
2025-03-25,109,195,86,55.8974358974359
2025-03-26,61,195,134,31.28205128205128
2025-03-27,55,195,140,28.205128205128204
2025-03-28,51,195,144,26.153846153846157
2025-03-31,52,195,143,26.666666666666668
2025-04-01,129,195,66,66.15384615384615
2025-04-02,76,195,119,38.97435897435898
2025-04-03,1,195,194,0.5128205128205128
2025-04-04,34,195,161,17.435897435897434
2025-04-08,1,195,194,0.5128205128205128
2025-04-09,21,195,174,10.76923076923077
2025-04-10,192,195,3,98.46153846153847
2025-04-11,169,195,26,86.66666666666667
2025-04-14,132,195,63,67.6923076923077
2025-04-15,38,195,157,19.48717948717949
2025-04-16,55,195,140,28.205128205128204
2025-04-17,121,195,74,62.05128205128205
2025-04-18,138,195,57,70.76923076923077
2025-04-21,58,195,137,29.743589743589745
2025-04-22,29,195,166,14.871794871794872
2025-04-23,165,195,30,84.61538461538461
2025-04-24,125,195,70,64.1025641025641
2025-04-25,85,195,110,43.58974358974359
2025-04-28,86,195,109,44.1025641025641
2025-04-29,77,195,118,39.48717948717949
2025-05-05,145,195,50,74.35897435897436
2025-05-06,81,195,114,41.53846153846154
2025-05-07,105,195,90,53.84615384615385
2025-05-08,142,195,53,72.82051282051282
2025-05-09,60,195,135,30.76923076923077
2025-05-12,132,195,63,67.6923076923077
2025-05-13,128,195,67,65.64102564102564
2025-05-14,113,195,82,57.948717948717956
2025-05-15,92,195,103,47.179487179487175
2025-05-16,61,195,134,31.28205128205128
2025-05-19,39,195,156,20.0
2025-05-20,115,195,80,58.97435897435898
2025-05-21,68,195,127,34.87179487179487
2025-05-22,47,195,148,24.102564102564102
2025-05-23,83,195,112,42.56410256410256
2025-05-26,163,195,32,83.58974358974359
2025-05-27,132,195,63,67.6923076923077
2025-05-28,67,195,128,34.35897435897436
2025-05-29,73,195,122,37.43589743589744
2025-05-30,39,195,156,20.0
2025-06-02,130,195,65,66.66666666666666
2025-06-03,120,195,75,61.53846153846154
2025-06-04,76,195,119,38.97435897435898
2025-06-05,70,195,125,35.8974358974359
2025-06-06,38,195,157,19.48717948717949
2025-06-09,37,195,158,18.974358974358974
2025-06-10,90,195,105,46.15384615384615
2025-06-11,88,195,107,45.12820512820513
2025-06-12,145,195,50,74.35897435897436
2025-06-13,36,195,159,18.461538461538463
2025-06-16,166,195,29,85.12820512820512
2025-06-17,101,195,94,51.7948717948718
2025-06-18,59,195,136,30.256410256410255
2025-06-19,66,195,129,33.84615384615385
2025-06-20,76,195,119,38.97435897435898
2025-06-23,74,195,121,37.94871794871795
2025-06-24,102,195,93,52.307692307692314
2025-06-25,80,194,114,41.23711340206185
2025-06-26,84,194,110,43.29896907216495
2025-06-27,91,194,103,46.90721649484536
2025-06-30,129,194,65,66.49484536082474
2025-07-01,58,194,136,29.896907216494846
2025-07-02,127,194,67,65.4639175257732
2025-07-03,69,194,125,35.56701030927835
2025-07-04,124,194,70,63.91752577319587
2025-07-07,136,194,58,70.10309278350515
2025-07-08,134,194,60,69.0721649484536
2025-07-09,102,195,93,52.307692307692314
2025-07-10,101,195,94,51.7948717948718
2025-07-11,73,195,122,37.43589743589744
2025-07-14,130,195,65,66.66666666666666
2025-07-15,62,195,133,31.794871794871792
2025-07-16,135,195,60,69.23076923076923
2025-07-17,118,195,77,60.51282051282051
2025-07-18,106,195,89,54.35897435897436
2025-07-21,53,195,142,27.17948717948718
2025-07-22,127,195,68,65.12820512820512
2025-07-23,129,195,66,66.15384615384615
2025-07-24,109,195,86,55.8974358974359
2025-07-25,128,195,67,65.64102564102564
2025-07-28,159,195,36,81.53846153846153
2025-07-29,13,195,182,6.666666666666667
2025-07-30,130,195,65,66.66666666666666
2025-07-31,97,195,98,49.743589743589745
2025-08-01,77,195,118,39.48717948717949
2025-08-04,138,195,57,70.76923076923077
2025-08-05,54,195,141,27.692307692307693
2025-08-06,162,195,33,83.07692307692308
2025-08-07,135,195,60,69.23076923076923
2025-08-08,98,195,97,50.256410256410255
2025-08-11,122,195,73,62.56410256410256
